8.14233475483
7.53684898843
7.46431776573
7.354050041
7.43981961911
8.01684071718
6.83975416239
7.50218163639
7.12465155519
7.18193570781
7.16109513645
6.86234181386
6.93866771989
7.03047931694
7.30211702444
7.51286178207
7.34928180858
7.73871848986
7.18664257816
7.3430274133
7.14366960472
7.11548398303
7.06910964201
6.82686342136
7.67024028872
7.05258076587
8.02090302613
6.91839133211
8.26046599126
7.15586752786
7.56847132972
7.34741835296
7.22465195578
7.18363439526
7.06731595809
6.86401155824
7.37355840013
7.18984662426
6.99811978698
7.95259146662
6.90960456706
7.96802112599
7.51709781244
7.02234523354
7.20453538165
7.41926850633
7.10225739358
8.52990479831
7.10498904543
7.17819338629
7.20223982212
7.47985177529
7.31779152031
7.24816956257
7.60636579161
7.41724700721
7.48171308946
7.70393747815
7.23633717884
6.70836311931
6.73501750964
7.57761302088
7.94017360413
7.54800790337
8.52100130658
7.65849234294
7.25478284939
7.12447256873
7.51178159129
7.08730335323
7.47895201202
7.49787550493
8.12803868434
7.01700397663
7.91993801882
7.92999184145
8.07704683402
7.14505951895
8.02336267101
8.18706265721
6.74763552448
8.65695996353
7.14304727086
7.34397873402
7.35791649174
8.0832117014
6.58295637026
7.37313064488
7.49672579775
6.99981999322
7.11660666016
7.11483411174
7.87350705463
7.79063358881
7.99669403553
7.49979215447
7.31594536651
7.15601899126
7.21054995448
6.79415952431
7.42542625273
6.93342687405
7.08997512228
6.87914183769
8.05663269071
7.09029794163
7.74825625611
7.14356083347
6.76138481358
8.02018125028
7.21366359085
7.41429108294
7.16654928405
8.06737642937
7.46357472319
7.59619576901
7.53854317327
7.48712681187
7.53297530721
7.26005146939
7.63170469113
8.84187512769
6.97485899076
7.25948291165
7.71574219621
7.53626250474
7.3807906861
7.85257273961
6.89270592415
6.92503443963
8.24788841017
8.89639195782
7.97999619869
6.87244240972
7.48916487891
6.98820758505
7.35630914459
7.05821300029
7.0860928074
7.00943906541
7.16233346965
7.41944192856
7.73687925225
6.92451161363
7.24616200344
8.30080867641
6.71311006623
7.69934556311
8.43109492627
7.52924880527
7.80006375332
6.31651848919
8.27240352102
7.69178220117
8.03582479191
7.74546837573
7.42079388788
6.8568937453
7.43905648555
7.37977933673
7.27403992399
6.3908160636
8.09157546472
7.75649906211
7.81666391285
7.25224795129
7.5177750866
7.95852546449
7.4534547492
7.52240245429
7.91236987133
7.50980628578
7.72570746158
7.76374632121
7.33812381507
7.41615443319
7.81602254331
7.39619782546
6.56873342727
7.16667186032
7.33319202767
7.40951759998
6.89766505776
7.43897655978
8.89967865431
7.92709296028
7.3515857752
8.81790949873
7.41009935025
7.30644193919
7.14589857769
8.74868710665
7.13983865917
6.00283671678
7.65622250676
7.83905597846
6.93654404565
6.69749343064
7.40903939149
8.10368987883
7.66016853054
7.58166379301
7.71333554134
8.09994646342
8.18121008195
7.52195835874
7.44188022357
7.7352656345
7.46928435752
6.53491579903
7.16508516952
7.06986692534
7.32690724202
7.64645163982
7.11750804165
7.51247249493
7.33927148975
6.85675755627
7.38318746023
7.16167089489
7.81741001886
7.39081164415
8.79011808296
7.47219337383
7.11331994987
7.61739557831
7.69055846319
7.96827447001
7.85397420925
7.34081340869
6.93567221687
7.54549042572
6.99970811896
7.53835062723
8.15240134063
7.25845698724
7.54910797095
6.99832851687
6.72701015121
7.54684069509
6.75586801848
6.99507531723
7.1627062599
7.79013465957
7.4691677516
8.10320620855
7.12275780543
7.37450699419
7.22060593934
7.53011603254
8.07099834178
8.76314369806
7.55815022303
8.84079256173
7.54069630997
7.19731451257
7.88880166688
7.89613776866
7.22637523094
7.25562907158
8.87198389453
7.67530570291
7.64796255977
7.16135932198
7.43471566877
7.51249696722
7.29085790495
8.79971938644
8.80781142859
7.43112757466
7.32021080779
8.02311702738
8.02391664246
7.57800935079
7.69709854462
8.44197787214
6.89523345083
7.87939611091
7.59858133789
7.22277523664
8.2286076618
7.22035941474
7.61130331145
7.96158292843
7.61751029471
7.45646803394
6.82650467728
7.96826992461
7.62053457121
7.11056795527
7.57689161652
7.26574005983
6.87348078419
7.64688052087
7.96615472849
7.50493845764
8.16858318676
7.34794891292
8.55531278761
8.01311608259
8.03077134662
8.45805514964
7.60535325572
7.58192835344
7.37544324288
7.18003321763
7.61591280889
7.31235031309
6.90500152796
6.8710678704
7.18632795537
7.03064093337
7.70540729857
7.20432037673
7.79929926033
7.75909607587
7.24423924798
7.71552931374
8.58298519588
7.55847484508
6.97730292796
7.97965128093
7.81630351564
7.39542950535
7.82843439159
7.73040492571
7.61282814782
7.94931147072
6.8722148311
7.21077920667
7.46358247586
8.24736588749
7.54975012524
8.45406965932
7.98551344759
7.71527059444
7.98401924252
6.9089315624
7.77655260362
7.26896548427
8.05626873111
8.14047410256
7.49433528542
7.16075608679
7.54556228667
8.62087365405
8.23404351374
7.72043171115
8.31919729686
7.57432057708
7.04237492241
7.47013796077
7.23312531274
7.44085606104
7.5435270481
7.19328081873
7.38740379486
7.26473671819
7.65139446963
7.73560855854
7.70757120394
8.01807784426
7.9956729804
7.96922050989
6.74671748161
7.25596411776
7.03745949453
7.38300880096
6.69430148593
7.09550256863
8.14075335875
6.79064736345
6.79712106804
7.47195588121
8.20257196992
7.69171608761
7.60531353286
7.8497861502
7.40458395045
8.42063431052
7.27982501346
7.31076718948
8.01315099099
7.99639864163
8.04040844497
7.93908352378
6.6700359828
7.55027014381
8.66039695187
7.75064319762
7.5629301164
8.02437124155
6.7335755843
7.01473334462
6.9676874423
6.99791696398
7.79229929693
8.70738914217
7.77404543488
8.58495582632
7.66331320568
7.5177723636
8.02385136413
7.35991333827
7.01793109944
6.3919282409
7.6045287281
7.74885184801
7.32786283255
7.53460436559
6.70084865925
7.16410180744
8.06609483531
8.6799930975
7.3557903605
7.192926065
7.4725589405
7.2426957306
7.68381079137
7.22876031692
7.63403581973
7.74867666599
7.38483889903
7.19916604564
7.43090759815
7.2926503642
7.27670434949
7.61339210539
7.83397547923
7.24790255393
7.70722045673
7.56028509808
7.35458603467
7.90628978515
6.91455793959
7.20087726397
7.55663886502
7.94919188878
7.07909804293
7.28908981341
7.53106655694
6.86388167283
8.15619894669
8.98789256318
7.2132198629
7.48180388211
7.91585542362
7.29821042261
6.68861950152
7.3817935435
7.03465296009
7.58104517999
6.93644998054
7.41476994323
7.54224460428
7.06922920777
7.71547240084
7.19204635046
6.83671476984
7.72553170244
7.18216901679
7.12469126166
8.2175501926
7.38357357579
6.72202978851
7.70101217803
6.76086612298
7.89570834236
7.83948583543
7.31425849471
6.75860288586
8.29178803148
7.85306897606
6.64958316891
7.23673325179
7.67015998629
7.68565929537
7.07492080943
7.55827684138
7.33024620304
7.72809259256
7.17664415676
7.48648518002
7.43806858469
8.25871304084
7.25607025301
6.79314006707
7.41945721333
7.64941673846
7.10363531213
6.95689873341
8.23960060327
7.12005814012
7.70452998832
7.49369314519
6.96037843217
7.19358274288
7.62824871447
7.48236190677
7.41441990824
7.36755287305
7.3556342488
7.48587572462
7.8761530839
7.70661245628
7.89052328755
7.1312330486
7.77413373256
7.2496823812
7.19446573777
7.36167142755
7.48638837585
8.34312403828
7.12981696492
6.82253493252
7.49369231364
7.24061875402
8.03267198747
7.18838130545
7.06506154623
7.62121820721
7.2395816233
7.97622046112
7.09139203268
8.27579785139
8.36283504767
8.32113770089
7.89074572007
7.72662540097
8.02656237109
6.93962787614
7.98620029875
7.87937297032
7.72198051672
7.48708759966
7.16781554656
7.75273203387
7.75306638234
8.61612720763
7.63095581021
7.82428015719
7.60020328794
7.58987236321
7.21064383093
8.21726445751
7.71608585072
7.31561693071
7.38466252247
7.5375101893
7.26857866307
6.47448238896
7.29337987418
7.6599171631
7.43969737161
8.18245245627
7.2754818156
7.30812353333
7.26829731371
7.51861643994
7.53530735346
7.16965709115
7.04275623575
6.79573984943
7.12404214287
8.14421113071
7.86972123655
8.10567518466
7.2415224329
6.8067730749
8.68205703782
7.49423756723
7.41275422481
7.66502939809
6.9239019451
8.12399938657
7.581221488
6.75734735389
7.12897932363
7.34583472569
7.54156649405
7.18908084037
7.27113932092
7.33528250825
7.45039037456
7.40060204931
7.59976623485
7.17590030352
7.60742306154
7.93195411943
7.05404477158
7.840374636
7.63657398757
7.07716911927
7.26116024363
7.10627746271
7.00075078077
7.99189841617
7.66399307146
7.22933703859
7.58389743292
7.97612874085
7.92462021809
7.66972913166
7.7028193855
7.30080411418
7.90832995713
7.382518272
7.90846484673
7.57987401823
8.0616399793
8.79138959787
7.75481150104
7.630781627
8.00541668601
7.57188793235
7.45750441982
7.48198382611
7.71038237901
8.68962618775
7.8207083499
8.80999633826
7.0040402324
7.22992685356
8.05584676191
8.77733466412
8.05103871786
7.40281275953
6.10147412572
7.69651821388
8.06833722671
7.18591119663
7.47699669361
7.3846012425
7.51594033976
7.25266043207
6.46195883534
7.89445297789
7.97971823907
7.4823041473
7.27992849388
6.73780525436
7.97305229437
6.91095892607
7.42666838797
8.00504203285
7.18422531348
7.60409869823
7.67548378156
7.39234143803
7.55829697785
7.32310483885
7.42269845146
7.32893510256
7.70647219631
7.75400982124
7.08049449408
7.23232178619
7.433771312
7.91668672277
7.40932777828
6.56903405608
8.19736639972
6.19271192758
7.73042172635
7.0071719949
7.68529241304
7.01847484331
7.26890581228
7.05672369524
7.43149831633
7.20745057648
8.30664179768
6.99386514443
7.03587879491
6.22195198109
8.62176315289
7.49344376193
7.78045046128
7.31605988946
7.95947875943
7.11387877501
7.38658247054
8.60507969433
6.52567597442
8.11594545813
7.17312164942
8.4310716841
7.31944706543
7.08314137324
7.63560743251
7.82637421749
7.9131957795
6.89077201669
7.52893644495
7.22925064829
7.92665793645
7.31424401204
7.90253791657
7.6429496395
7.22339284324
8.09063231051
7.874863136
7.89692264639
6.94527396526
7.09533218516
7.96565932795
7.46443580345
8.02322057929
7.19150593542
7.29363226436
7.32766847502
7.51792530887
7.24996344908
7.33081513854
7.23210749461
7.48802830961
6.90045880247
6.85414049548
8.92604639271
8.03599479773
7.44379009297
6.97191024091
7.69508140282
7.09740749509
7.60526153141
7.33841373523
7.29400202031
7.08931486504
7.17584721044
7.04058858499
8.04602337056
7.52377380445
7.74140950762
7.57304707319
7.13014039082
8.02352184173
7.6282980096
7.43538498782
7.36061829313
7.02450804119
7.60758784731
7.90394636105
7.16786908702
8.41534632666
7.46761665883
7.42184867047
7.28424912829
7.35545813835
7.14609744698
7.22778056643
7.411161264
8.08379848683
7.23567926533
7.42371808434
8.26994361054
7.36599601182
7.73956066778
7.08474976519
8.48269964783
8.08214055987
7.43533155417
7.21850002788
7.92360312272
7.66858749676
7.1623833637
7.47792696463
6.56306761913
8.16756481181
7.51752438134
7.18417435604
7.68318779059
7.50807648839
7.13519680087
8.54034157653
7.75672719344
6.78211796191
7.47928038022
8.18991899035
7.54696366137
7.3284289694
7.19524521135
7.25130993675
8.13312814742
7.46648813317
8.2364414824
8.09560745786
6.68048899578
7.14060390557
7.30950480549
8.98313901349
7.93268113542
7.81853637976
8.58416414714
6.59618328875
7.36340652837
7.56515077314
8.18882854236
7.19681277657
7.18840109936
7.50386832471
7.38706952952
7.54140738221
8.09290944908
7.93672400609
7.28281848474
7.90431834111
8.60009035184
7.47594262466
8.34075621323
7.50261774864
7.54002332529
8.69044853251
7.82329416584
7.77798965505
7.27197085244
8.09488264575
7.55763346915
7.49972882984
7.08535608194
8.34894160977
8.02688228798
7.34061495046
8.47196875864
8.23730874854
7.04359241284
7.55648636887
7.30616312792
7.30968567895
8.27994807472
7.36789927686
7.81388434764
8.03834753679
7.08724147558
7.82240119725
7.82774495208
7.41247628608
7.05647295364
7.78596556106
7.97287621947
7.02730731723
7.2260780658
7.99315990956
7.07782736665
8.06860889006
9.05423289608
7.70189101563
7.32925359274
8.08335697005
6.93898252965
7.73380496015
7.45610290066
7.55952720277
7.70829464448
8.14518039684
8.04237399286
7.19851991845
7.63070781667
6.95681067578
6.62303738858
7.64185925053
7.04381161138
7.37947758893
7.25411300329
7.66656045923
7.10160463523
7.92525471249
7.24785294964
7.09040294223
8.23532899547
8.50066352596
8.04806233169
7.37339139726
7.05815880371
7.97907179467
7.35533899452
7.91938700321
8.96080391676
7.28626451784
6.93939321372
7.15800806971
6.8607272561
7.30031469703
7.51777433772
7.62910984552
7.52104383305
7.27938220294
7.34263637119
7.05431739683
8.15891864321
8.71410248119
7.85727315077
7.79374013744
7.93076750463
7.56161240253
7.81148576413
6.57983380528
7.26436220548
7.2705456954
8.22472970157
6.40121779399
8.0922588785
6.73733182309
7.98632312917
7.65971711189
7.13990994683
7.27424900072
6.54747207805
7.38549602125
7.43077679108
7.36868770935
7.6776144303
7.70432363622
7.36026214091
7.6634334303
7.37321955976
8.06612352945
7.67006631652
7.70798783909
7.51259283582
8.50411812043
7.90107059935
7.53602955352
7.32626099877
7.46574472733
7.20622493872
8.10658571604
7.52953682539
7.10942864138
7.18397553971
7.55952822729
6.98359136897
7.5961487085
6.89153180113
7.42779473029
7.1245090442
7.97835559646
7.09624143416
6.4635756672
8.22961397846
7.1620151422
8.38052274113
7.96435958614
7.46373280551
7.4177890732
7.26389762739
7.81063422388
7.21988793167
6.86479023104
7.51454214824
8.38274717376
7.37109024708
7.58651752146
8.23164430038
7.85000076929
7.24676008058
7.54540031295
7.68525703709
6.6979076267
7.89460998652
6.70019589235
7.58369950356
7.26941224262
7.60322055198
8.31698359993
7.87190923319
7.80442802402
7.81096861657
7.15088571698
7.51536610395
7.66198081369
7.7564985689
7.40035991142
8.29330595111
7.22123713019
8.04666363146
7.20838879225
6.95949859847
7.37178694926
7.20607948465
7.90107685648
7.40327102703
7.09889803781
7.63551234642
7.48727467046
6.91131937008
7.81648891639
7.077562885
7.72339920101
8.00893047015
7.78474465753
7.30434465812
8.18726514357
7.02881900202
8.48947130787
7.3022111506
8.00253028708
7.6473718211
8.85880875677
7.40012720364
7.18309950815
