3.66059585963
4.43663654775
2.98207019358
3.2064177135
2.40007532989
3.28445829081
2.5472975782
3.15494711963
3.12757053205
2.26091835994
2.22517841043
2.64247841858
2.349156763
3.12130550386
2.91257570521
2.76727363226
2.28772329359
3.04533530835
2.76330848484
3.0877017754
2.69438508867
3.04249581082
2.54772462355
2.87591410586
2.83179103088
2.78547555718
4.08105185079
3.00013301127
3.57719844332
2.35400795425
2.69373071682
2.82957726345
3.00246173258
2.96511678186
2.31959426524
3.11639098334
3.87439445076
3.46226628122
3.02129684068
4.67470610258
3.05616427739
3.41691903727
2.98897378958
3.0981636606
3.20967557138
2.69128126813
2.9773445368
4.23374367205
2.86173348009
2.420426386
2.99687263019
3.77805776016
2.29988934842
3.0110943209
3.93220822944
2.87898880315
3.83199347308
4.30657284162
2.63957489367
1.93866426784
2.84878273307
2.61843089405
3.99819953318
3.60137668782
4.8787458542
2.89445007191
3.07279614238
2.90308192579
3.96575328344
2.74277602396
3.91467207401
2.82975602962
3.65682150943
3.35991468431
3.1727558893
3.74475011964
3.774744314
2.1654253192
3.42051968639
3.33471737119
3.00274404262
4.63837019396
3.20596309024
2.75322587131
2.50364234074
3.49149757104
2.79124899617
3.16957670895
4.24514177282
2.90059786715
3.1187915959
2.50021544318
3.47042014893
2.98578497601
3.71838182946
2.55918758677
2.45607577447
3.35962252311
2.55410223002
3.11888614084
2.67435647617
3.20328605791
2.85265661111
3.08441956404
5.61722779375
3.09366582979
3.3199807844
3.18008448322
3.45337549643
3.59440117536
3.83520177492
4.2255199702
2.35581738244
5.42748251715
2.72894703778
3.08762041886
4.47795735659
2.71913817582
3.09175748844
2.5847483044
2.77607601382
5.08930256913
2.43091956465
3.21651335331
3.23256805707
2.69272170633
3.03555262346
3.32283160184
3.2781959891
3.30589515267
3.76067164509
4.99264436263
3.63130692888
2.10834306769
2.84204675341
3.42551325849
3.06583881468
2.6051663713
2.34642064861
2.24038509912
2.75531981686
2.67385633086
3.0892050291
3.00788218247
3.16127235416
4.05960039952
2.40523387755
2.96436596463
3.79248241002
3.0241270105
2.82749037949
2.20951064478
3.97340509926
2.84061726654
3.42666707689
3.01051421862
4.25832187575
3.23612730827
3.08005668481
4.25425009244
3.03639147477
2.31382942099
3.50716983327
3.02868267267
4.3460360984
3.3214290324
2.67175663817
3.60408111363
2.76701020187
2.93944665617
3.62739734622
3.13338022887
3.14638321201
3.70491800821
2.65000775931
2.70079349816
3.16942731838
3.0490970347
1.81624264169
3.08461939278
2.63656417189
3.53829117349
2.80750495301
2.6264990625
4.83535147002
3.37314341633
2.9488323372
4.92632166687
3.45873835289
3.21073055835
2.76373023646
4.81810686452
3.73967799641
2.55611310042
2.78078684777
3.15467845716
3.73566235376
2.38329894956
3.54325978984
5.1686014772
2.92743182028
2.50539293691
3.79621496774
5.2048202913
5.379271108
3.00829164474
3.13702065444
3.16886032911
3.83691543816
2.75339556121
3.76976515946
3.09402534774
2.46550086526
2.9891625907
2.95439207558
3.32689638739
3.00083035591
2.53919596868
3.55763624489
2.91011586777
5.32909697693
4.33170634031
4.68336738531
3.62719947281
2.78090443995
3.24381260866
3.96853076615
3.38652183681
3.25780945844
3.07022873813
2.67414355978
3.41562107826
2.91284932853
3.32694176649
3.70660101982
2.22245331138
3.38835127068
2.88353879681
2.84019229267
2.5719471989
2.84589725794
2.57230982916
2.15618166777
3.19105276608
2.55817744553
5.39171638678
2.10558601843
2.92674381675
2.49413371151
3.79543312783
5.3905850511
4.78227515685
2.88243488296
4.74080169188
3.44035314105
3.19346843532
3.04839013922
5.56348273617
2.66300929138
3.61297203653
5.02126635328
3.05491181967
3.10555498093
2.62128971733
3.50899667387
3.09107672347
2.7732001639
5.03617093697
5.00908547582
2.5970924412
2.48285942542
5.65529965872
5.43685476115
2.97336538364
2.98779664009
4.03631159349
3.17069027824
2.99773660252
3.54150243232
2.73166744615
3.90195890331
3.07489646754
3.24060741817
3.54548136741
4.29814552349
3.9917429571
3.16881075201
4.08257207449
2.91128779637
3.758150254
4.30172691071
2.96059736894
3.65553770873
2.73136635495
4.25001034984
3.00727780465
3.80118378018
2.97313247809
4.52941296391
4.77910644215
4.69183942651
4.04125722179
2.94905103259
3.58828326836
2.72719343407
2.22711779941
2.92539165037
3.13829807436
2.8977116478
2.02761706657
3.05430009464
3.08450477162
2.88926064789
2.90057611803
5.09509922319
3.79496097934
2.33229087788
3.01365560717
4.49794194328
3.07365901642
2.84374740207
3.24962555715
4.26952516516
3.71223056692
4.25664160354
3.91565153184
2.99037004581
3.55046934177
2.1401350535
2.80406410184
3.85256683967
3.97497263488
2.97594802339
4.03939931126
3.4218247381
4.17844666433
3.39913919061
2.97435986193
5.00770207979
2.55332368754
3.44958063324
3.64171198724
4.45689501614
3.11195907986
2.95284028661
4.36615503542
3.77936049647
2.90032214407
4.1761457605
4.70644832528
2.66799862891
2.51955435935
2.98241500514
2.60937076931
2.61457500145
2.65901107447
3.49481639416
3.64016577567
3.95026114887
4.06450573978
3.10417157882
3.37484842117
3.79345376007
3.48648036108
2.77435412258
2.72894574689
2.72495780535
3.92317040515
2.87973741888
2.33260658204
3.96814372465
2.26253000056
3.17989932325
2.74378905965
3.73279353142
4.37341875781
2.91502265882
3.06463067646
3.27562281906
4.29512300869
2.24556224172
3.3265313755
3.66935726859
3.40603455271
3.37544405979
4.64509181987
2.95755294911
4.19732663525
4.66093687853
3.80134249007
4.10591517782
4.98658346379
2.21308764614
3.26098313079
2.8122709481
2.43199078297
4.95897643298
4.47962488428
3.36177141482
4.54360013395
2.90093191456
3.3808185884
5.09994273313
3.21105149047
1.81372218688
1.86151211363
3.73764456745
3.03038599767
2.59618935449
2.81819473813
2.21477984106
2.99644929985
5.20586802391
4.56671451568
2.64268645473
2.88655358985
3.11649266982
4.07901752783
3.56182516613
3.19570667213
2.98222742487
3.32191376074
3.12293748795
3.21556184155
2.92456398855
2.27912903912
2.85424122099
3.4507478601
2.84066075667
3.68890238446
2.90068619039
2.9490704336
2.38699328204
3.43776235915
3.01926655968
3.65559060274
2.91145982016
3.44901264198
2.33216570993
3.17866232706
3.29828971082
3.22681748581
5.82723475524
5.52145286322
3.63002382413
2.78197634949
3.18079777542
3.48981550555
2.96465542806
2.87068034905
2.760859913
2.90158211366
1.90987395386
3.20895222595
2.97654408351
2.82110760547
3.10693189586
2.48052544741
2.40302791637
3.08651006839
2.32340823315
2.9582879474
3.67067047355
2.97690948052
3.46142438567
4.45953963136
1.83028194386
3.49840988565
3.16390153938
2.32075414882
2.4672827747
4.13243383399
3.31184118814
2.14024370599
3.8169916323
2.88829615096
2.88977539179
3.18751786997
2.75065062236
2.73917677866
3.14803226571
2.33810023498
2.75480963452
4.56624829131
3.55712566139
2.63273831762
2.95040238946
2.76273454143
3.21619008966
3.28647461873
3.29856436388
3.68227940055
3.10191273818
3.29769134779
2.55012861942
3.11586218286
3.35181669679
3.14194159462
4.31372795602
2.72732404858
2.64146333158
2.42013168076
2.76606638025
3.52067701582
2.96120977463
2.9817914342
3.20955412923
4.39256705001
3.34279538123
2.45463147264
3.99653384729
3.32736875726
3.99458017371
2.90296082824
3.02294231058
3.8488364586
2.55450553458
3.44761455068
3.45445350184
3.35778036923
2.9180687524
3.03931417786
4.49917535649
2.4674904952
3.57419261592
3.95001552646
4.06724356698
3.00347722304
3.13886967908
3.26963507087
3.11985868972
3.35282633543
3.36458821242
3.78003415021
2.79421615786
2.67759115977
4.1063873295
3.63156835975
4.49455854725
2.77198646267
4.63281889358
2.61450732859
4.39126741904
3.26307810664
3.4636833109
3.18359039513
3.51766165934
3.6383593574
3.05311260708
2.32571386586
2.03209662411
3.83475014193
3.49362866116
4.2937780284
5.06619106102
3.02113704572
3.16282714716
2.56084886873
4.54774518313
3.27765635435
3.37196559566
2.71167439492
2.70823627997
3.14847206197
3.59855255788
3.87446633664
5.02690007257
3.04549919839
2.80328600151
4.73017162033
3.59159380943
2.98749473862
2.78438133962
2.25455112751
3.47242896964
3.04572603691
3.26073447369
2.5388927069
2.43604375477
2.41667716966
3.45312184665
3.32441194438
2.94005859595
3.45724001782
2.70886912598
3.68383682173
3.67660762159
2.68520122686
3.38030979881
3.15048996732
4.01145029867
3.13578064243
2.68255375472
2.33074668836
3.37520654416
2.94855075004
3.33276973905
3.82624276254
2.0040661863
3.48141783021
5.2400979469
3.60634334597
2.92342313095
2.77714236261
3.29904536497
4.88939735398
3.77213743748
3.55216120131
2.96752820823
5.23239795283
4.99588668989
3.14730826887
4.49176479766
5.25836130197
4.35151261176
2.65681745357
3.57549364233
3.97492491731
4.51082127938
3.13390506152
4.811322871
2.60634499782
3.06199839761
3.77447931222
4.85618871752
3.54830493201
2.73901823829
2.21206430822
3.60911739861
3.34261592151
2.38536960896
3.64996685105
2.54179477735
2.86544374138
3.23963104034
1.96176145526
3.96065330115
3.33895511877
3.07003467117
3.11480273911
1.97774232071
3.09493399027
3.2229488977
2.80968418425
3.42177221987
2.79863199639
2.83977409387
2.89206746738
2.92098693109
2.86902645591
3.09077990044
2.7717441776
3.80392097583
3.25684041389
3.22261284848
3.20916979146
3.08961583897
2.24342629951
3.4720650713
3.80598673101
1.44703142463
3.5368138256
1.7880514868
4.1330113134
3.74681861227
3.33938817264
2.73889214073
4.20922843697
3.15600723575
2.78045188263
2.87595823561
4.15040954934
2.43891286301
2.31844959638
1.88623450036
4.60642151023
2.85286646712
2.93440882549
2.24356446063
3.38289912277
2.19427782567
2.76340536614
4.55482251481
2.84453893443
5.17111168778
2.89248161137
4.08526371585
3.03376064478
2.22814933923
2.58337685934
3.13474668377
3.30250704924
3.14607097054
3.76566110236
3.47210532474
3.13030975224
3.04483340323
3.35113449748
2.86066656722
2.43910940123
4.78358260823
3.24942112328
4.27038856616
3.22931024261
2.36731949943
3.44737419209
2.69675726154
3.05915346941
3.1670157204
3.04841012901
3.70122833841
3.67994513014
2.53413942771
3.89372561985
2.55655357851
2.64551358991
3.22478095468
3.04531412761
5.08832105679
3.51764350579
3.63996833308
3.01619162717
3.72574553342
3.04642676303
2.61720976269
3.69969876118
3.03297382543
2.97321895991
2.95625046293
2.91133990429
5.801420662
4.35919668261
3.05360463906
2.97448731789
2.87201802624
3.59492402163
2.82873235076
3.22189194654
3.90535697606
3.03570884149
3.80817815471
3.01821191502
3.37643084185
3.93287242431
2.86026848087
3.32124997831
4.43545697787
2.96298565538
3.26736725048
3.15909948883
2.76310384792
4.29016530181
2.93258334952
2.89418987089
3.82360474686
2.69945095743
3.06982079379
3.33844080401
4.16492443476
4.67261218463
3.06674977953
3.39669792278
3.05948057059
3.27193215291
3.37526083375
3.60176884205
2.41157338751
5.01729545042
2.5947703542
3.66069239761
2.92194921812
2.65068931794
3.30278916302
4.42634273869
4.48785509217
3.55658652913
4.44109582439
5.78371153245
2.80437121684
4.03530535925
2.64689453273
3.6217016318
3.65798625204
2.73523723077
3.94919663842
4.5929846057
3.05386240784
3.12611760348
4.64061531493
5.52706439444
3.33474649979
3.02658960667
4.3131383859
1.86016441836
3.03354137828
2.42816556606
3.73937737362
2.62175560065
3.05189701426
3.49828887306
2.69225343005
4.99578864696
4.41188480298
5.23761092204
4.37332777592
3.38946032456
4.42323460483
3.40641309476
3.86629847397
4.54701696642
3.59962672827
4.69579262892
5.08147555765
4.04208365927
3.9073134842
3.67359036667
4.27297630337
2.78822874119
3.04215381944
3.90812568481
3.0385914435
4.01385923199
4.09809804548
3.51476697554
3.43124535963
3.06975901323
3.82005704462
3.20359874853
5.75456446836
2.96650315361
4.70865501466
3.32347329462
3.02637140224
3.29226219839
3.40702687699
2.64479940102
3.08743420123
3.38871638943
4.47451523965
3.192686951
3.01177123508
3.21558621829
3.1606638342
3.6949978357
5.76874993767
2.77855597513
3.26363362715
3.94733683032
2.93068051667
4.2251455619
2.6135801207
2.83075581513
2.88231864544
3.83682075206
4.69979251565
2.72322078431
3.45779867624
2.94189693219
2.56675910558
4.00033931932
3.05887562553
2.47650957907
2.83087826318
3.06096949513
3.01120833419
5.54291447627
3.46815371794
2.55479503871
3.89301739487
4.46346460435
2.97924068722
2.65632345567
2.25761729157
3.29437333371
2.71872498988
3.12293457413
5.28949837264
2.72032503888
2.79350236361
3.30581927078
3.1754951191
2.19683392126
2.9550709053
2.85452329826
3.49787540556
2.95058121221
2.93151266132
3.13658804559
3.37924196851
4.67688735649
3.59810034253
3.1007693127
4.97231634413
3.11312656655
3.18688978878
1.61560272796
2.83913124916
3.60291353259
3.80992729846
2.47677259617
3.25867603621
3.14180901356
4.34829656066
3.87074753045
3.38548774183
2.38568815151
3.51287055386
2.69220155159
2.9350657563
2.75779027172
2.97779665048
2.87439715815
3.40428843372
3.04372137591
3.08630248771
3.60219639521
3.57425537003
3.7956600899
2.65517619025
4.46250049428
3.26195163267
3.40817282416
2.93971901477
3.01594184736
2.35463947698
5.07003469581
4.12545109671
2.87305225003
2.92790424726
2.74982711649
3.10955527413
3.03329279735
1.81355552858
2.50415681237
2.74081657062
3.54362910366
2.8608003096
2.48400960458
3.44242281548
3.00203096317
3.87291917688
3.64581645712
2.88781441188
4.33246382046
2.98241319999
5.04997571624
3.42054432753
3.086128787
3.02123479899
3.80439189557
3.05497070985
2.81346741005
3.52855864203
4.52874901041
3.60039233082
4.39768127469
3.64330440149
2.9347971923
3.42501004633
1.68058413949
3.02145920325
3.06232375462
4.62300642397
4.15775363589
3.43980446374
2.83548413167
3.20040954255
2.72722929391
3.93223685037
3.05691988571
3.12402168682
2.89288855888
4.01805909785
3.4072091222
3.33843144624
2.50910721721
2.81015261428
3.70528489546
2.92106026395
4.12539216495
3.31244037798
2.47414106107
3.50735715593
2.54301631424
3.07639150643
3.82165739521
2.13961960166
4.45299266098
3.54278006093
4.68198600302
3.32101081803
3.78901551516
3.25383942115
4.21728994674
2.84592794242
5.26583238647
2.76694641268
4.78455307823
2.85258479401
3.02730186136
