10703.9765363
459.510014461
1463.18489875
118.445255775
16442.8198759
9429.44556814
439.441284204
8981.90413137
276.758140167
18727.7104851
1423.14483344
113.612145838
1393.42069486
107.308232245
11187.0816047
32072.9773924
722.603425748
12614.5449329
39150.1139702
109.347016048
2092.65846983
1116.72274264
299.749408475
159.886933359
16221.4658807
315.086374959
378.460377788
17765.2663233
25446.6493138
19355.4506128
2499.01965888
28368.8360428
23294.404837
184.770538252
24566.6116891
128.583817038
286.595341927
117.959564759
270.951968284
4885.65784649
15402.6366246
12043.7151735
14232.7697916
126.52373167
40752.8536153
29053.1235539
913.854694281
16807.8641409
42069.6168753
31151.6799387
344.497494617
642.812668854
26704.4523324
12834.9263756
9398.62474575
496.525250599
7561.79416196
8699.89891171
17141.5237387
21867.1387396
108.62392911
11795.386559
527.688531377
6544.44461123
4785.70025796
9520.30295475
152.027765098
114.045867039
21132.8141321
285.70563932
15635.545181
12502.0565637
23585.5501475
9756.03839173
14636.6359158
164.238580492
4729.25748688
1175.97228209
16241.7507131
12097.810091
11638.0698874
22156.3587051
266.231220849
13847.8312012
16236.8856471
15998.2067946
171.878964898
284.555727569
11911.2584679
17760.0859196
182.344836069
36234.7465777
20834.879221
9905.7239566
11342.8684256
12148.5561802
1095.07619564
20601.1414491
1162.91957052
810.169857452
35543.0586904
662.814960563
116.679039878
421.877304917
15912.4095953
263.917111065
905.878516849
127.871049853
37206.5433223
17715.4198462
12931.7730953
20971.7100611
1773.90585499
23165.9123221
11973.5638539
1202.78488692
5389.15055119
38404.7933846
918.482462806
17879.6294587
22369.9284368
17055.5295813
15166.4107389
68.6324835428
1685.63295456
12894.8071916
1866.7970893
20109.7978059
228.870503885
516.242759991
12028.9124272
15638.1642313
11067.7835581
43315.1808645
16848.2715742
117.565591347
12226.9976648
31556.8817912
2593.57494056
1348.16429923
200.216659182
14905.3772955
11105.9057356
142.12449079
112.292093298
7784.99719302
24123.3341408
926.182602844
11605.0814366
28226.5959009
11952.795434
481.888269933
28304.7549783
431.941213801
22326.2338845
39180.4475116
32597.5192322
91.9262891561
173.077026099
60082.1290808
252.422466312
134.035447582
17898.9187547
13163.3654931
7077.81043024
115.628543411
36115.5981465
11496.9323549
26885.1092899
14011.2866983
328.708979773
282.130359281
11524.8006534
444.820279312
1148.64984237
948.730862145
10581.1420231
257.692870234
1868.55966475
483.441446274
23267.3436301
21662.3753496
13146.5305033
29646.2016635
10898.7029123
12142.8088912
12826.927822
16847.1402275
465.491282174
1269.69354114
142.147510695
7948.25652397
9923.4969478
42083.544309
35329.2184822
8358.96153376
734.956953263
1723.37310645
148.323397578
10254.7764118
17495.8157552
12943.1515768
550.445881792
13624.2394733
20538.2216439
952.584669549
9199.48245021
9904.73919737
906.41205492
704.486953001
443.626391281
2103.2613342
29557.8958711
15331.8743318
766.935899772
255.881152562
912.624487312
20734.7705518
433.34380928
87.2816626055
10892.4817738
222.412046474
9763.00207773
986.664358022
126.37088759
9780.17726259
20421.8084472
22900.3127083
24587.0255161
115.268558623
1282.14022558
401.585223816
128.858181674
10648.4030132
5875.3440353
15786.1546377
293.822843026
279.957019728
1150.95655079
29774.4615471
400.254730348
206.305320275
506.377750904
811.946225171
2624.95010147
8367.29882695
1525.95788451
1178.17809308
44116.5785331
10444.487149
12781.6647412
9668.70117942
11038.3482893
15064.7753364
9747.96212481
145.032982933
10540.0969267
6263.74206516
16273.5526835
715.613374069
17732.2259886
17693.7922485
9260.74154252
28468.1576123
322.310309056
127.135012153
42182.1172769
9696.36331644
13218.0517816
14594.825179
282.199159256
14315.6895485
11400.2386311
12095.2273318
1857.00295587
18056.5982841
122.084105047
8201.56525971
671.240821672
12641.8303433
4908.72181911
11268.4812984
16261.0528967
11592.5142166
1405.78866503
539.026059839
12316.5051668
4096.42046229
530.932058959
9194.91001328
5924.95138718
193.45329035
170.31902656
2147.14649576
7516.52673054
10084.1861839
9091.33566576
10366.2944598
13892.2843328
15434.7738323
3473.90761435
16142.8273632
21453.8509985
7390.75271551
230.475847102
50665.3990228
12323.6350536
258.287257731
189.226682661
54101.5197371
497.307199486
155.127134841
1543.38526984
225.79581265
14320.3997827
397.033233929
16328.8414827
12848.8356541
8485.44681198
140.248616178
1017.49879931
6591.31275396
19250.8685834
139.907177917
12978.2373389
192.691240364
21882.6271443
255.967213407
19871.2467099
138.222440546
23013.198445
13476.2817654
2425.63742353
1499.63487886
23142.1929481
234.470975531
29144.4847801
275.905980796
2380.82212685
481.833650134
17946.3607182
6353.29123545
36905.5576905
251.659829098
2843.68690537
21270.0750749
21915.0545287
1476.51736015
12448.0207614
1362.02554525
231.662481175
296.120403777
155.672396797
14615.6232589
12531.8383494
12619.4712506
109.013764456
12756.5738505
16986.0922364
10383.234598
818.711570092
12461.5534133
17276.3260583
16199.933091
91.4983503895
133.20867918
405.623525644
27571.7568621
111.657180227
15973.8977225
9643.08799588
19920.5778398
282.848025323
35409.4497153
17296.5264572
7281.33824164
11678.7469065
2263.20968115
11579.9377124
6185.26496566
29584.2034616
1218.73642842
13775.6212943
7677.79775532
23917.1472597
10073.5936026
163.955654144
34926.1131229
10020.9922597
179.594403558
473.394943063
11416.9873678
23085.6516596
77.6900103965
178.184473869
1361.81385316
17440.8870484
12285.410945
8902.59285306
14793.7554018
22626.6612149
11019.4304662
7575.90615384
11742.5572854
37409.4755707
2105.75862117
125.035899722
33601.5274596
794.30633774
13791.6832211
1943.50375447
256.858879171
3362.65824452
12593.4154571
17164.5106021
252.077016574
146.121195503
7499.70066965
274.178754327
132.5444568
10530.2325698
8529.60363355
936.123573142
121.749046529
21083.9824819
42347.4484689
12438.4367232
9289.31384263
12272.2267453
203.077619142
34791.9347713
1869.33253437
15063.7163468
12237.5929806
1323.96519881
25025.9012707
35637.6829578
1052.74335707
19426.9141506
288.603532084
239.386384417
978.505230758
29251.8255866
15607.267038
2659.24713828
30867.9846944
15610.7458366
7710.18515186
1806.21284174
356.791258937
130.115002345
276.142440766
37864.9442227
10057.5567465
1150.3642428
1023.61207654
1638.26323903
38355.5275113
407.8282032
19451.5578745
31628.6194056
77.6968967462
13274.3271903
274.467702847
149.112444208
4269.31878167
25807.9134066
22552.7978614
272.127196102
1120.62301826
1353.45212504
15391.1270671
12474.7054771
17238.9263701
8748.49837269
29089.5375336
1644.92249133
87.6907719566
802.822064478
19481.206571
33050.7080007
18592.5912068
11550.6986679
6672.22760128
20256.2317845
1942.46453542
217.59951324
180.647777683
1183.86594143
177.562121092
190.428534407
11151.356239
112.495922237
8717.31058342
41978.5956598
117.847671774
429.920505848
10426.9473215
951.177280837
12972.4457623
288.788064808
13971.105573
389.511290444
1572.17375951
1317.5997372
17863.6906796
25784.5792412
1000.37005982
31137.7633866
14923.2261601
18114.3867235
171.486268967
7728.27866548
827.349015343
21101.1106221
6736.43512792
989.666957545
13251.7849049
262.792582248
593.190270837
1870.2156356
174.300033275
4546.8159042
1083.45414667
20681.7083594
7808.55168413
7583.25194133
29556.3004007
18302.5091206
455.754179414
989.03554273
7812.3099102
28704.8714859
601.475972586
480.674514506
104.736251023
5097.78103701
25995.4640271
16732.5787623
13864.7403881
14972.0574592
13324.2006387
10531.3626475
785.28815033
5713.70796632
496.401773234
212.88848921
199.485836068
11470.3393456
17280.4157672
3158.30850425
12828.1003669
185.785158385
10628.6681724
9000.01690873
1505.96546196
11402.028252
3302.962224
4776.91279376
299.762857195
346.961316724
389.170214382
100.236373912
312.35392914
15052.6503816
504.871885857
10672.1085201
385.200406329
201.666278388
14122.6739165
12580.8998055
186.768388056
20333.1273286
2942.73078508
12907.222085
1658.84101412
171.755494397
13529.6727314
13988.8375365
12995.3505567
161.310006336
165.306728603
220.438085371
842.608847924
12668.2239981
726.517829607
9733.01957394
11718.0682972
14689.2687334
228.057077993
11751.5107274
34717.9943789
140.172057504
1495.81684552
9636.80696088
16942.4358292
18575.2558945
163.975495091
18298.650455
16989.2395425
10768.0470719
246.592481072
2443.84832833
17720.9549722
280.125805827
14041.6454739
713.478402869
7333.80855955
18717.0814525
16974.3286635
16967.2809716
14130.1526004
620.544628704
18871.5044623
5923.56595246
1405.81601688
166.342298119
6293.90770915
10265.0470575
21420.4868184
14644.3371031
21278.2984647
239.949428622
14853.0745644
13649.9521141
23976.2998564
1641.24444046
197.126634545
304.338104774
6776.03080705
129.540041008
141.020199998
1132.98846418
12584.3557212
276.587600295
44009.1899919
407.149227854
21433.6431746
269.842388312
346.09519263
24081.4355274
9087.42442558
133.05925978
30920.5929088
15842.8016782
1446.40246535
21847.5447811
376.112991456
15533.7249175
14434.831894
372.517883797
23321.5969627
868.88638144
15122.4842359
1621.9685754
10028.4433743
154.145870163
2849.01038801
11224.216487
5899.6376567
958.493975506
16491.6683751
154.954059822
655.990574701
1567.92621987
29331.6805188
1135.33526931
34642.4957097
33641.2063708
341.265760812
274.317034204
16253.4608973
32632.9847238
30461.4567368
56311.5774147
8456.88051204
1759.01685403
11690.4418117
31587.9720553
13062.9948845
37673.9637371
1392.09137434
22438.985622
30582.9160205
5005.48016286
327.801129965
19717.3630555
11336.5187463
28723.4224282
23712.3436176
28172.4299498
16314.4346313
504.66043492
372.728030239
23256.3895113
31541.9819317
840.145645866
15127.4276007
10968.0730273
21113.3193669
12656.2892255
9121.60521238
3559.74930976
166.108420788
3208.98998516
940.440767881
2708.58308739
16082.3323166
356.173297186
335.348934352
162.502297826
7637.61692089
1851.20297943
630.563458284
15876.1087742
896.910508535
21512.8173226
97.8431550889
16284.6299041
10231.1997485
420.805123311
16096.8326151
942.88934846
168.709667897
2254.73642558
9206.28323603
11701.0640557
145.603784965
125.415786893
205.8855569
18582.0192544
5435.52967192
1543.75441494
11742.5133556
330.194625633
20979.3712825
16763.9085118
29351.0628215
533.38983712
11461.2033273
12310.6274274
635.263712905
804.434407998
14219.0560689
23259.9716812
383.741956057
4435.50924114
11341.6971214
188.958011468
276.326313959
24743.4640892
9879.95512569
27837.5018906
222.060229347
9767.22423702
24897.4482018
855.152571901
224.559562014
18237.7979585
306.180772877
8117.88361372
1256.94370338
30479.5812561
10724.3835813
296.59994694
256.956865794
15713.8843249
501.772687449
34337.2892515
717.089343238
20419.4030481
744.744924601
146.946424285
27787.416629
600.297470937
208.282920957
32498.17386
20975.0725617
37395.6159069
643.462787294
11869.7131275
474.482032817
17753.1066012
25072.1731503
11594.8354038
15425.3229449
78.7993729405
109.789630464
13105.214567
11911.0624167
7930.76622358
10635.430199
14188.1525974
1585.41642229
278.797197891
17071.9920816
12938.1415193
1856.46301786
197.366081937
15544.7824812
27818.730946
7332.40164851
4161.21496129
12156.9913263
515.351985689
1694.50126044
10911.2956576
12279.6077252
8941.04949145
3942.10076046
479.589659367
10828.2534181
7689.76770138
13744.7471641
26698.1279111
28635.7393428
6213.89912138
22908.3430943
1909.88441835
11786.491702
15686.4154503
187.728263292
17644.9159319
10143.7870119
123.633734101
35670.7218331
13054.7764182
39767.4499603
42269.4855003
680.210762223
4087.93053384
12632.0480332
401.379946895
705.765955789
21952.2239611
15192.4390716
298.153898039
16890.8877037
561.993845907
181.776298891
13155.1816189
17911.866424
14819.0103212
24346.8105449
12122.4696661
11636.1706328
228.361735547
10331.0206422
18818.01583
22017.6659848
30318.0670231
33790.9788106
25868.2613413
15064.6433661
12773.7416076
14619.3403898
8623.98973324
119.872920669
218.692635697
253.910104704
873.327184593
27092.5658334
14532.0038385
21673.1742643
21876.091791
28574.4512787
307.503790949
536.763167607
22132.3382443
11238.8517799
8812.88411066
187.992445142
348.795761615
8509.05333191
920.438748219
19997.5249624
20579.4649316
29025.0405465
524.001540147
305.786500553
1774.62296657
2595.18796466
42270.6442733
19643.0697838
10282.0118336
1601.8581665
374.330815769
297.47904161
10729.6659587
17147.2287331
10744.5548859
8577.04287371
35657.7081019
326.754065819
10492.3221934
2601.21238213
16197.8844742
355.124097577
4962.63431026
154.759428356
7307.84931086
114.422143142
1059.33032318
5897.22265554
270.004362426
20030.920901
13026.1805168
23046.4987827
101.318721786
317.652749481
15503.8303852
32803.6356386
7457.06075819
22778.7246675
194.296959058
11047.2062283
263.997135723
11261.380353
55332.9707778
13760.2391288
20051.9186172
344.740019625
35117.4812667
16463.5977871
14376.221117
6131.29593428
487.587682503
11830.3374834
107.370321435
14751.4309497
457.990576011
374.782024005
2824.65733463
2693.01310857
211.356886438
11688.2922594
143.025628406
126.353806148
11341.2782958
242.8131574
17530.380484
167.766033178
23994.587437
15493.5267197
28515.9557246
3047.69308947
284.761481055
245.8862151
427.253301478
11699.2869929
101.370769835
25391.2557019
16448.7008175
765.535849194
801.232656044
708.532437972
238.848981213
99.360640002
8314.35846006
25498.1428503
12415.3865783
12259.1899636
10295.5036486
18968.9453946
19477.2180528
52635.9295693
17024.4437197
1578.81929493
1036.48371086
326.727546377
9576.58866946
1679.13465189
29412.1209324
17153.204319
9111.05047397
18457.7600448
325.350140847
947.674314366
162.626445761
33662.609841
8612.9029686
145.454814205
744.460538439
18470.2687613
320.089438657
5298.00146899
2302.45559023
3924.65744609
27909.501459
23550.065969
1212.2991771
8274.96272288
778.264689651
18784.1556499
11872.298747
222.437992282
21147.6863245
17246.4954038
12035.981974
794.787021857
