45.193374062
55.3139746082
32.8599655908
43.9374807731
39.0903798186
44.6452951106
47.7450832081
31.0578937518
75.7225131121
23.9754040455
34.0858328519
31.7418945504
19.9708781686
72.3801242175
48.8124339353
44.9570235472
32.6690043107
53.1866082755
66.9042231197
41.2866242441
55.9528510703
44.3551464618
32.7842511424
52.8246988899
50.497780702
35.523805495
59.4604211086
47.5435203944
75.6496706814
27.2517519804
22.6795787363
29.3273476966
33.3608573052
27.627747203
30.7364120436
59.2083622811
54.6127421225
95.7504047862
35.8339549835
166.67441507
38.3142716848
35.1858605886
36.6440511446
31.8906163979
32.526073306
39.3230732546
54.0221783658
67.3396610625
65.680120259
23.5812735574
32.5571610595
133.708862902
30.1541528087
41.8562037775
96.3785694315
29.5465038924
43.819800115
62.245834367
35.912266788
15.5786486588
78.8242005591
33.5139849586
86.4605647422
100.451365485
241.890537073
31.7929837019
34.2525754881
37.3807671298
72.1594765647
46.7519895693
46.1248890112
32.6925751655
38.5693211926
25.9654058785
45.7026344769
40.9742690312
68.76967945
24.1058974424
41.3862826419
37.5118433241
65.7210137281
132.350886928
51.912140762
35.8565737039
24.2644479713
52.0389736899
19.795579637
93.743255565
135.61607254
38.7529275609
68.8129472093
31.4174631101
44.9114882268
43.6621738014
49.3374266353
23.1655480919
29.2568318644
55.1437370936
46.5284231839
158.998882981
33.776843218
105.754038706
34.7426067094
131.367599737
170.250837673
32.6838230533
49.5053380179
60.1940464601
49.3913974389
58.1942317116
100.901599432
70.008402743
23.3693312532
128.383764622
32.6723752896
46.766023943
103.738076883
42.2771919161
29.8319272597
24.301904235
31.1901968144
152.399735429
17.8399679983
72.4291547917
28.4663183636
28.5002467333
43.0068791889
45.0760818329
51.7770289614
26.2668242739
57.9732217034
136.399087394
67.1433249753
20.0
55.0768427123
71.0858109205
36.6413311363
37.3188695137
20.1172749321
36.26786872
32.4521282731
31.6675371957
63.5681924059
43.5328763856
75.6998679151
55.1050272058
27.0475115549
61.9424703391
58.8493385976
32.0593277306
60.5784046995
18.159917637
58.5032700645
31.2259979137
41.9769318557
35.0287419404
65.3038596749
49.0800361202
26.8095616146
63.1322768211
35.5406394846
69.7332972341
49.1891569215
45.35602747
87.2544664556
69.8372256854
32.8999101432
40.7312092848
38.6574149743
32.1852860739
117.696832101
47.2717540179
59.6827071196
70.1349334222
23.9337737775
40.5424106908
45.275797037
41.9470945903
22.6387006402
34.5836281677
22.6663215845
84.5859234202
27.3508792663
34.1968235873
149.66748182
52.3103103615
46.748614435
158.28740678
54.0872993966
98.154005088
45.7014902004
126.71685618
70.2128816763
38.713099394
32.1250312778
31.4304163896
49.3117197169
24.1930431326
60.6091956024
156.147670823
36.8917478189
28.8853490574
46.3668576485
123.834565363
232.356768783
41.689150198
54.4637987593
44.9441014818
60.7999961065
31.2859308135
231.306693481
72.7533965553
37.1891518341
25.3624577034
113.317460171
81.7207591649
29.0044184925
23.0
42.9874996255
56.7189419169
190.895578378
115.210279265
109.933667563
64.9246322831
25.6604271695
45.0218928841
73.048837634
47.5830020932
48.616552983
47.3512086612
49.7121947479
41.4344481276
24.8782058067
50.4789146721
48.7444054241
29.6480992962
120.797827334
40.2773227197
90.3012770636
29.861096756
31.3555685053
38.3318606408
27.1030431425
57.8142183504
41.1415140819
168.486017059
31.2751383554
44.7054142219
20.2338788216
76.8109632086
180.013334864
126.542468289
25.5528776177
91.6204283664
54.2304422471
48.8104336395
46.7870633696
212.278330126
41.7137121596
98.7847221904
165.445091559
85.5978192906
31.6964854681
23.2258621384
48.5935044566
79.0894403818
29.8331326258
183.79177079
146.884125549
37.0011984861
26.8071285735
293.56695266
262.265660949
54.3914890236
48.2762214592
71.287403267
93.277670243
35.7127497954
81.829595879
18.2389788244
50.5050276287
116.073221852
34.5726395346
41.8664692115
109.459715404
59.9565589242
38.9557228024
75.2328521204
27.3108739157
39.0308814239
75.3117176352
63.3192728214
72.5120913316
34.7293179842
97.257377463
54.0727029597
44.7654246648
25.4434200753
116.61915102
217.627807173
100.572367076
74.7793706849
24.6270285138
129.132669176
123.180522484
19.445075353
43.7628355332
30.0512880733
44.3133266348
23.8535690581
37.2600747493
36.5654361167
51.861606646
62.8351789809
145.878944892
74.0781014313
25.3397013185
59.6668411487
78.7348539913
54.2466651075
41.5439465909
34.7840423357
74.8882376892
71.9066036455
65.4041342088
80.9418924156
43.477746517
51.2699816335
20.5591896023
26.2168594561
49.7363386156
72.4943595796
34.8820664365
99.0073084617
62.3984134178
78.5842215004
44.0289271205
23.8234508178
630.566426484
34.2094492075
53.8840940666
80.7418951313
92.0076415717
46.0838723595
50.4947837328
120.490279243
49.7744855433
42.6264924361
71.6075611412
138.552208939
24.3870594593
43.5903535242
32.7170906408
53.1132346749
31.7920826121
28.0294997643
167.526775288
68.2164663109
190.777031388
97.6192324619
48.2269992352
55.9213523724
46.2252602196
37.1768816707
34.4375429534
39.7678645939
37.3298209321
52.8496951017
38.8309742914
22.9871765325
67.5370350166
19.0051787745
88.7750730524
42.189359938
35.8283885248
54.9689691518
40.5794057225
28.9620974994
82.8939699847
67.7814461633
29.3438085598
40.5965319672
34.8476779526
53.2156427696
37.328720584
93.7468279016
71.0427792139
130.605223893
121.138509143
125.174908197
157.092006381
174.865468021
13.5265967995
79.8735926316
42.0503669998
31.2586469064
132.364586232
108.504929235
39.2544641424
93.6543821267
35.6924454885
98.6901033033
156.004611587
46.3968112924
34.152946438
24.5250455354
57.7766707162
32.4145399494
30.2100705645
60.6049818038
11.1925824036
49.9684515274
157.494356653
107.660782385
36.818659328
53.9448217808
38.4320974659
52.3782525622
85.0239848347
67.4015107048
31.9330753835
32.7325442352
58.3455661967
107.348457999
40.8722299852
33.5304368298
35.0178638073
32.676290726
46.883370022
49.5033752577
42.245240166
38.2207135504
36.701872027
34.156109024
35.4910767644
43.7255887452
33.0773147049
60.8258386774
42.2974434774
47.8675487945
32.0393613756
92.1494051273
285.785843921
260.37507651
63.8864236743
28.0484146422
47.6096493044
60.3400043608
37.2836577771
88.8052727475
37.0195504471
29.7440214484
23.2213541246
56.5551710239
38.9149058393
40.2969945906
66.8893271166
44.8605502054
23.064131486
44.4272586022
27.0
44.8006699854
54.3888953145
66.4101517848
119.732760524
67.1943050308
20.0586213843
50.8986830994
32.9347198351
51.2793039118
30.6178302443
59.0884808451
45.0645058509
17.2235592903
53.491824893
58.2330946858
52.8899319908
49.7566812845
49.3770827175
59.0072734963
66.9025825407
28.6249965916
32.6444135425
76.8208273254
117.116689308
38.5745923641
21.2536651774
33.1686368494
38.3840727466
61.1067404518
87.121687488
70.921299228
45.7785202415
71.3226375943
28.2630981565
46.7823617809
93.9035401835
42.7893109731
226.974749176
30.6120085032
36.7638842851
25.7317534169
40.2323590939
49.9285064152
39.8140107724
36.2061140788
104.190672026
93.2726598365
55.0931645547
38.2678877294
85.2445914736
56.9795316826
46.7858855145
35.9495536804
49.2408599355
145.470031566
44.0635077431
41.8800424502
100.100759021
36.4264136187
33.4860579811
122.689810323
121.321240859
23.735864824
48.4580773005
75.7072909574
57.543639502
36.7423227254
41.8400406657
64.301680861
39.0112118493
53.0488526176
47.1186753834
73.268832062
43.8058319296
26.6644854461
53.2079151061
42.5516087355
95.9109722447
70.4812607907
134.998787283
35.7377569484
66.8860092433
41.3812246886
41.7275123688
30.8733045726
49.4164785916
94.8063620268
39.4650492507
31.2106469699
9.30277563773
61.6185178475
120.113326821
51.9176109832
177.812102463
38.9238453326
59.2176067564
23.3232392055
138.514880189
41.844808716
38.8586371305
45.5238736861
25.6857401968
57.5016298908
52.2696271771
77.2237634729
223.838536923
34.3262643843
34.0617702347
123.747683411
44.6371697064
51.7630967938
29.0623121006
27.08514354
55.8464104656
47.5667282665
126.763820536
27.2963217739
31.9245960255
31.8168582857
69.8108406578
52.5422792672
60.6443106027
86.4598453225
26.2921509096
61.0670216172
54.8602434912
36.3139657782
73.6623771972
48.5022845506
141.033423897
36.3488479466
30.1969416604
24.2655097235
44.415094362
37.4019330495
36.4288962783
64.3893019059
72.893886812
83.7635290398
159.821878218
148.268443654
28.8557475424
77.2862468973
48.5846971353
200.636879573
76.6257092605
48.8774123849
29.7449094683
191.986694363
121.87391987
64.0645816882
103.515659703
218.106265336
198.141057342
22.1439247199
94.7019258503
121.269515626
79.7727944666
67.0665977095
150.194965376
55.4057149948
37.0509152764
60.2090938969
165.904428626
41.1109191559
22.1022229207
56.9905254189
150.708604642
63.1724150162
30.2680399295
122.522653902
26.3185084178
37.6941403623
48.899541208
31.2996417615
139.959290998
70.2850199772
50.0207067521
29.1745344214
16.0990195136
35.8807110638
90.1127453694
30.403384732
43.6081552448
39.303095623
36.5400505481
49.4855214188
61.4393814724
32.584991208
72.4813689218
28.5836029005
51.7743881274
38.1459341117
53.4231005591
35.185384937
47.9160431676
34.589028842
26.1299364928
147.507102272
42.0725581348
53.5320877833
34.6422772982
186.10346234
90.0932229981
44.0147791917
21.1439532936
103.317812179
58.4650306496
40.1858758449
31.1750056009
79.8395680721
26.0038371451
29.1142917874
13.8722911665
86.0845734664
78.4322056994
35.3100977886
35.1053375949
39.1967091372
19.0383100946
44.3294577068
85.1038800513
46.6433009983
154.228815219
38.2014528209
92.302747753
33.8482216879
14.0963943793
37.467772141
43.8355102427
87.379874628
53.6104343195
230.937859042
55.5774526615
65.5934338872
37.054048001
42.6502084164
28.9097376836
64.0183730271
203.224427492
53.2580556709
412.866744445
47.6104989655
19.1509253091
41.0631822496
38.1799921159
51.3200319324
42.3409728701
49.881783734
126.908709255
75.3793849055
59.9074811969
53.2544405782
54.4208866569
27.8201599339
100.815044516
50.0956895041
154.949768327
60.7070023989
67.9030248279
38.3258119338
49.2737213448
74.3750122544
35.2244934325
92.8899543077
25.1875840062
70.0963966476
29.8374669953
26.8888221924
377.307118352
78.689880934
32.6270366014
33.9458719512
32.9373029672
41.600667019
26.8363566871
52.5342446176
84.2108234041
40.3388476812
71.5077936912
53.5022549229
136.413034311
64.4307136944
39.5100976275
36.6022953844
104.154107099
39.1883446535
41.63930898
95.3450246931
41.0885088076
82.689937124
31.0573365674
49.1734267759
64.5897518961
25.4119181213
81.2945070073
31.4720478134
81.6138029106
79.6898224764
25.374662892
49.8699567667
48.6139818312
41.6453276417
42.0927565288
93.2601096598
30.7630332316
225.192075859
23.8537442926
79.780860397
39.9735827343
41.115116395
44.9952736315
74.3974966334
153.603689677
60.6515134675
123.66339353
254.613222518
34.3448448293
63.6689798705
18.557780832
54.8955588678
41.465241581
40.9248155322
62.3033631626
141.011749745
49.9233175857
52.8327818573
130.269442799
252.502340838
44.9140208189
46.037658894
69.739877182
14.0
48.5480179638
36.8007171744
50.2745775417
44.3459090048
41.7440827662
68.6771957096
34.1674824442
190.15093429
165.435874985
139.792439795
330.418234347
44.0322404923
94.1023361434
60.3947281568
70.2095473386
72.2675387757
47.0105514299
116.546403518
155.241269179
117.055885781
77.3000637608
105.495199931
81.9027474329
33.3333528074
228.877454972
63.9328160867
51.0709377198
77.3253478511
85.6085034925
72.5051428322
99.5677982545
47.5347334556
30.0663847538
115.062526114
632.80032299
63.8975980869
272.84059835
34.6792362808
50.0819050149
34.9730316409
61.734803822
50.6307002959
45.5183475161
65.1020039537
213.520018522
38.1495713521
37.3265574697
45.3953178672
42.4999656271
115.625812307
333.89806346
45.0715589849
40.5727742545
69.5937204193
30.8330051196
75.8698023328
41.7757632417
38.0513198918
34.1919303586
54.0989410075
96.1044719362
30.8038864429
63.0188808873
54.7924051738
16.3037264249
104.231717613
48.1416909331
28.0498756211
28.2310794513
32.3265858804
84.8772969607
193.104747644
92.7604142715
29.9039263312
53.7538867822
69.517679825
29.4451411685
30.8600252746
29.2167791781
44.0351742294
31.0164408576
68.0016611655
207.739545732
28.210652142
40.7863230104
38.2150667304
36.5589505283
32.2242137008
34.9192218292
41.3989421416
56.0986257715
23.6825436808
30.3446383148
44.1940064603
30.3679909531
117.603688808
83.0257721215
46.324066196
179.167186704
33.1275946836
31.0816121904
16.2360679775
46.0061149315
48.7963531427
54.4455220791
30.9199672167
50.3511123809
58.3979983207
83.845740333
68.2938541574
74.6605429539
37.7104328446
41.4044026837
18.2397193471
69.2925214962
47.782389475
26.7164295048
50.4971706294
33.9496089977
34.629956673
42.2965959749
51.0348839879
52.5761069717
58.0773966029
46.2850007425
97.1239856267
45.2308291977
67.8836027412
35.2812466306
48.0484060796
19.6225090487
176.289313134
70.5456316193
29.7763952397
43.3558151892
39.2036845424
136.767737063
46.3879507618
29.159917637
30.1224164259
38.2958911568
41.0829367539
31.8663571032
30.587100617
49.5056658822
43.7516068295
60.4313375206
41.5126648699
47.1635301875
66.5253700964
41.2543331219
281.131688271
81.6715260133
47.3172792904
39.2702513233
68.8637218165
50.3796280452
27.31723325
71.7039691144
122.7407405
40.0990225394
77.7705941539
96.2164546158
34.5814821106
58.0933316359
16.0
40.7521684928
103.091268835
112.382665069
67.4582667829
48.2556190018
42.048527035
51.9660808291
32.1820168298
48.2808561281
44.5940496457
65.5214114169
38.7067179542
64.0035774017
35.2007992605
69.7782134564
43.8553562459
68.3295582611
54.9922461113
53.5032221587
53.7827681656
91.3393378674
27.0518703935
83.1212045379
17.0
51.2829503195
72.3512457675
30.9190804006
90.0141092298
44.4843668798
115.087071804
83.2908288577
58.6826895487
132.848337052
62.3856455223
31.0347084152
1915.48645226
45.9102450048
142.845547936
39.748981399
30.6049676801
