11.8688385002
16.3939835971
10.8517863461
14.1490005015
10.9537787545
12.1022656921
14.5255933334
12.5244702409
18.2105263158
10.2857142857
10.5840341674
12.1377701719
10.2842291891
15.1052631579
13.4654964308
11.2439879804
9.66648412752
12.0
12.2222222222
14.9020955542
12.1319773437
14.8030245859
13.3708600915
14.4325124233
11.76
13.1017203609
15.6060856271
15.1667033094
12.9940234299
10.2698893809
11.0555079311
10.8571623621
13.3734851781
12.4256228716
10.3571428571
15.8571428571
14.9093349626
18.5176270384
14.5540221151
18.4828731744
13.5667216567
12.2318085806
12.0520537638
11.4047925317
13.3405142342
10.9229331608
16.7342194406
13.3878678809
14.9375
10.9560892309
13.1488531207
19.8409549883
10.4532254588
13.7082702917
15.192862061
9.86889119384
14.054573213
16.7362241738
11.625
8.35093684697
17.3449842477
9.8546036801
18.5360140319
14.4138328981
19.0201570803
11.0684588622
12.4585412248
14.3847118101
17.5875563693
14.7067453727
15.0388016734
11.402778465
12.3771664965
12.8897957638
11.5838256566
13.8719385668
12.575343859
11.0028258363
11.7429738807
11.9686557606
13.6552009294
14.8255606846
14.9248950867
10.8638680987
10.6241676434
12.3816022673
10.7799550786
18.1482621767
37.6566800213
13.7092548532
13.555037965
10.8666666667
11.5597525537
11.5932099867
13.0689448379
9.66556083586
10.620647603
13.8368691279
11.2008360919
20.2135928802
10.45
16.9127222838
13.3943876177
16.6093944158
25.4303994979
12.3695247605
13.3424867238
16.6490081791
14.9372595602
12.761811651
20.366549626
17.4966062837
10.0771695277
29.2650353499
10.9708501666
11.4129404675
21.2717603758
11.4090909091
11.9114768343
10.4117647059
11.0
16.1310146802
8.84373532439
17.75
10.8502048437
11.207829028
11.5920125636
11.6382185398
16.7961059598
12.2992505513
12.310746275
15.5348710467
11.7763596848
9.09090909091
11.7272727273
17.3569568773
10.7533116927
10.9889573867
9.23595494388
10.4723967048
12.5662561204
10.9208547855
12.6057624746
15.2053899865
16.544985764
12.6848054412
9.97416573868
11.6971911016
12.9873787283
12.442171571
12.360585375
9.76180735822
12.7510021208
11.7943313167
11.7005591408
11.869551657
17.0402401831
15.1333333333
12.4499400579
16.7042015999
13.0595751534
15.8
12.5880450288
12.7931034483
27.0565535863
17.162866725
10.5620631791
11.7230915545
11.2292573208
12.2880768206
29.1898344365
13.5354825428
11.8355953435
15.8381146435
9.88631047321
11.45
12.5182786774
12.7647055639
10.6666666667
12.9970602391
9.7036984008
16.651729314
11.2322727809
9.98889214705
16.08570186
11.950714112
14.0767757049
16.0926385287
16.2110822924
16.6304791825
13.5851995971
15.5569643544
19.6308912859
15.7197226505
10.382153432
11.0005964466
16.9770751534
11.5139101781
14.8076325411
21.4880394737
11.1250504216
10.9721054077
15.5672391911
20.496266407
38.9622221058
10.5859518895
14.7717499481
11.9983611181
14.6722180267
12.8181818182
22.4150275251
16.4938553908
11.2970709621
9.56537446501
16.304194435
16.0790124798
13.3427975294
9.67587359881
13.9174085857
17.60897072
26.3029136403
22.7577798357
15.1884615151
16.2327234962
11.8264730234
14.8934342008
15.228807491
12.0128332197
12.0450829599
15.7610092154
13.1546895629
14.4705073989
12.0598382885
12.6156006696
11.9812758477
10.0029540185
17.9954896021
13.4389574227
17.8819827804
10.5968196135
13.5781393669
11.6090557175
9.86461463608
13.1134688028
11.5322931159
24.6714308601
10.1690772244
13.1702398073
10.0087844892
17.2785556107
23.4342274121
15.4145247851
10.6964804028
14.3275285454
16.0942815657
14.3223546684
12.3662459777
26.2785597813
11.0577638974
16.5221470639
15.602992356
11.5826454174
11.781753979
10.5322503791
14.8476431007
15.9583333333
10.4329388497
42.6167399075
38.6787832756
11.7770384801
10.9875905694
28.6533186616
34.5865780606
11.3018215848
9.342701974
13.8400565983
16.9371525063
10.9787486251
18.7931034483
9.602766985
12.8022276132
17.0272022224
11.2615918472
12.9123981169
19.1461695892
16.0659402761
13.6273753125
14.800309318
11.3722321907
13.0316211627
17.9114864675
13.347726827
16.5158218521
11.9274790864
17.1272994527
13.0308362122
12.6085509972
9.7819818655
15.0660171287
19.1387442516
19.8661287131
13.6166430669
10.0454894812
17.4165320745
18.65
9.86164116772
11.5792022849
11.7806473349
13.6776914251
9.05694755706
12.4413648505
15.8494977453
11.9259259259
13.0980355068
22.9367672274
15.1096030861
9.94241350845
11.6404995944
17.5859718175
12.6226978928
16.1916520924
10.9832680983
16.0968589992
17.1842291289
15.0386233964
20.1562819995
12.2102493439
14.1211148426
9.11171745382
12.0399123962
15.8628163455
15.0872298219
10.8465571673
18.02001517
12.0999427585
18.5002831169
12.3068769189
11.1511752543
30.5296781446
10.9493001061
12.5896048289
12.8099832846
18.3432722699
14.4508113632
11.9154534116
29.6174837525
11.8496628295
11.7777777778
13.3451493637
57.4835837565
11.1707544375
10.8453177999
11.8189662121
12.198347679
10.9299441677
11.7196484501
21.6165645726
15.3870656596
16.8899861344
17.2629067483
12.3103448276
12.2811633929
11.9659713901
11.5535730178
13.4741050216
12.4117647059
11.7490092745
14.5600847646
16.0125017105
9.72042618655
14.1613068028
9.49220123294
15.2454717745
10.4000737299
11.575379045
15.8964220967
11.6089506771
10.5937381369
17.0272732324
13.6601473886
10.1153466996
13.3194931729
11.481993247
12.8447775497
12.1115346151
18.0913676745
16.7548414395
18.6896046037
15.4952884123
25.054807771
19.1653401417
20.0736190986
8.78264590441
17.0555555556
14.3125
10.9445149863
23.2489301903
14.202729736
11.8569306381
14.5728974683
11.6800526401
17.140799175
22.6865202495
13.7127787819
10.25
11.75
15.5102254257
10.6395965438
12.0217987408
11.8031800152
7.50556772763
15.2726770168
23.3151847042
15.4356487964
11.2376087174
15.8939689315
13.0260678712
18.3292319553
18.1431472704
15.8209841315
10.983674372
11.40424835
14.7131470583
17.013165545
11.2941448592
10.3125
10.9982059393
14.9337799098
12.0375942018
14.9395937257
11.3479200575
10.4528197651
10.2016607993
11.2248629181
13.9441325595
13.7568004722
11.4782608696
12.8829912684
11.4326291586
14.6512095949
12.7814393916
20.1116367594
27.7480803217
18.8496275913
17.5236814367
11.4054744368
12.2899602638
13.0783161602
12.1798219502
13.0
13.0124012385
12.7437263619
9.02688179741
15.0960053792
11.3829431421
14.2935285701
11.3830981003
10.9333333333
9.70172108807
11.1613637737
9.70836577315
13.7222222222
12.2635123023
14.0852964813
20.5729583132
17.4934138621
9.18714739857
11.5164579609
11.0578423834
11.0208274498
12.7598484073
12.7405944976
13.522946624
7.99702069809
15.7873448787
12.4166666667
11.8076923077
14.3855410101
10.9728264687
11.5647964847
12.5561851883
10.8066435586
9.86063717757
18.031448758
13.9367545085
13.8857867027
10.8992477509
11.5263157895
10.3048447661
15.1737624101
15.738738474
13.021993877
15.4724179475
14.0737219546
9.96728699024
13.125
17.4264996448
11.5385949099
21.1835152094
11.2901653741
12.3
10.2027510665
11.5714285714
12.6003462732
11.7651937415
11.0866135142
16.315301061
19.2655275817
16.6653985161
10.2484330354
19.2291699868
15.868381232
12.6801449355
12.2918208908
15.4073096098
17.5241693729
10.5263157895
11.8381379719
19.5748065004
12.7424319677
11.3571149455
17.2598446421
19.1676190173
10.4628069445
12.9269183928
14.0562737215
13.0394827042
11.9569485821
11.9789678298
12.3234816844
14.2637633686
12.0679681995
11.2298946694
18.4922546532
13.2704527604
12.5333333333
15.6875778899
12.0177876721
14.4240800154
11.6813963074
20.0967982436
11.0144839726
24.044148312
13.0564263214
11.6754701953
10.5760632616
16.1378555521
16.8024491595
11.1846135172
10.5294117647
7.18611080539
15.0894836619
15.3847001068
16.69162946
22.5108854309
13.068970083
14.0356932173
10.3929633542
20.8996656806
13.4189735139
13.8449623508
13.3614583295
12.3124376597
14.1203639821
12.6547828713
17.790344263
26.2383467554
12.9963389869
14.1647217827
15.7780650593
13.8724580077
13.6651390463
10.1500299283
10.2905485182
12.6920987254
12.2526517455
18.7906748307
11.1251294627
9.89931501461
10.3262467749
15.6931575547
14.7227886291
13.4624009728
16.2293777146
9.69840388138
15.6208988389
14.0197439981
10.6153350606
12.7549760389
13.6235332626
19.3155289713
11.5836589893
11.21658516
9.73655267313
13.7203157482
12.504626041
11.2818312003
15.3503931836
11.2155114578
16.525659162
21.3721954243
18.5508822665
10.4737466759
11.6296296296
13.3499441145
21.9271843172
15.7772892459
12.7008787547
10.7590830195
22.6663182394
15.3732155452
11.6886060289
20.1003081244
23.9958883628
23.4252598599
10.1152433467
20.019584145
28.9509783787
14.5271945137
12.4829351878
16.1261225945
13.871271267
12.4378696974
12.2092565889
45.5454844752
12.5527438807
10.5224166382
17.0
29.995529518
12.0121886326
12.5333333333
17.3572519011
11.0526315789
11.3917832627
15.4887724698
10.8571428571
16.7018136836
13.5998672325
13.992084233
13.66280163
10.0886932818
11.3075894073
17.4802550021
10.6666666667
11.4176423274
12.4546237911
10.5546946349
10.9346691844
11.5424511794
11.9130434783
15.7243080554
10.8647696345
13.6273195532
10.1084366203
10.6588220179
12.7953017627
15.4055418664
11.5737059453
10.6526656263
16.7409322965
9.75
12.748685773
13.6666666667
19.6208089815
19.8147416914
12.0785135089
11.1059543726
18.3514879865
16.5822836207
11.4414693312
12.6428364205
13.3443818853
9.92885536416
10.1264541127
8.71487699108
14.1745054685
11.5776627583
11.6082564279
10.5993203828
11.6466090785
8.35259207437
11.5406241896
14.0093010881
17.9059639311
21.0628487878
13.7296888207
13.7649303803
12.9222422433
8.38706832003
10.7611356147
12.7623877249
12.7850394189
15.5886029454
22.2056093945
15.9500931452
12.3759190526
12.3644764466
11.6495757467
11.6186984857
11.3529411765
18.1809764375
11.7422767983
24.5149581922
16.0629461631
10.2760310607
11.3677359966
10.8095238095
12.0356231317
11.9416700122
12.0333075091
16.9979948605
16.6196186807
12.3958375678
14.9435843575
11.65563204
10.3871798461
19.308288138
15.1929187092
16.2029171111
11.6388989255
15.9816435525
14.0687069466
14.2864164781
15.7974188818
12.3233670546
17.2999009608
11.3079508559
16.761582963
12.0935588951
11.9147673964
34.6936425243
18.1355334598
11.6592069299
11.0796584333
12.1858593858
12.2867366004
10.7149669166
13.7372302777
19.3294284371
12.4971713379
15.7840107212
11.8991136702
16.6199211339
13.2396137648
12.1856384832
12.6249327149
28.2822472606
13.5603126364
14.4964580482
16.667548574
11.1757049991
16.6238870984
11.0133702429
13.7044912975
12.2417947672
10.456003982
11.955139787
13.7794125345
13.8534674515
18.6060767475
10.1715177733
15.8602128521
11.5598168183
12.23476613
13.8649032417
17.6392559165
11.2572028192
22.723344803
10.6985286873
17.8560070659
11.4071896665
11.0476190476
15.2689082513
13.9371439454
29.3508118483
17.116734479
20.1511688075
27.187815469
10.7379010579
15.9344851017
9.29162553226
18.1107495926
12.0980710497
11.8948779231
12.343906148
33.251377031
17.199116394
15.3730450084
22.6076574433
18.5493663645
11.6624840049
12.3333333333
13.3364199999
8.42600018664
14.6071888234
10.9523809524
12.4288044089
10.5091707427
13.9920608819
15.1124645378
11.4822101024
25.5638980448
22.4161664839
22.7368138648
28.0070209686
12.5100580926
13.7674364244
17.0021878747
13.4677950589
19.1985916299
13.8471335136
23.2989625286
24.0774041301
16.4426883821
19.7732344615
14.6263205284
18.8082320236
11.1074289913
20.6810560377
12.9756968866
11.9206370215
18.9813155291
13.3428424623
12.0698404454
16.9410535584
11.0959039627
12.6714672247
14.5737158567
27.6471973359
15.4026640427
23.3014501507
11.4927510479
16.0670049961
11.8676711065
12.589100156
10.6780071975
12.7399211392
15.6445862083
20.2295724737
12.7728240236
13.0178253894
10.9649263598
13.5126807832
14.2922753707
50.8754257882
11.170004085
12.9084238852
12.2455138183
13.5199408754
16.6189189255
12.25
11.4724970697
11.0334958087
12.1172621991
17.2344553472
11.8339068538
15.6958608615
15.2666666667
10.9112850979
18.2584306492
16.9258980846
9.90344409352
10.9388805886
11.5793868373
22.3556542664
23.2144785532
17.6013983856
11.4066865041
12.8348880991
14.5162179641
11.1367980385
11.1052631579
11.6153846154
12.0611509374
10.5812821174
12.9581284057
48.1304530538
9.47336983073
14.0765199102
13.0861340987
13.9229938893
10.375
11.7150599211
10.0181448307
15.4565041606
10.1608363332
11.3794116786
15.1193294815
10.903752307
24.2174853607
16.2103222929
12.1546281054
19.146743908
11.0698502674
12.0536040237
9.06180230455
11.3744507752
15.7324830156
12.7246519174
13.3591665499
11.7499925063
16.8307716436
21.9191197988
14.8665249372
17.8
11.5
13.9176985045
9.98789563488
15.7142857143
12.5741470078
10.5551554371
11.7308273795
12.6796689093
10.4422814472
13.1132938897
11.8456777182
14.4703083884
15.1379970889
10.8315534853
13.860681849
11.46105794
14.3798692215
11.0734421651
11.8636363636
9.38877730472
22.5851290236
17.4287502512
11.6855902187
13.7393309141
12.1745757692
19.5114225296
12.12
10.744395892
10.4769175224
13.3664013756
12.4373917876
12.7431345267
12.3417899322
12.5397086185
14.2005151393
11.8148849787
14.1963609561
11.8742829318
18.1493404951
11.3122992933
66.8053111939
16.5181114141
15.2935945609
11.6666666667
15.7600967104
15.0440824014
10.2227455152
13.2343849453
20.6245329516
15.6099331691
19.9736189264
16.7979832509
14.1170262136
12.204605853
8.9656827418
12.0439323727
16.155433158
21.6573886024
14.1979334411
12.1754634989
10.9310344828
11.3356354809
10.8413397434
15.2757335481
15.1199412357
11.7184718672
10.804892658
12.3672561614
12.6958761243
13.0219513053
10.8125
15.084353718
15.9455512012
13.8269279019
15.3165440851
15.7339107095
11.8845192381
17.213842674
8.83740853911
16.9782068735
15.9363512808
10.9481862342
20.1743843618
12.2238593572
17.9295139949
18.5774037713
12.2978222848
17.1760691062
13.2646958774
10.2467214221
37.6773187176
11.5350406571
14.95438499
10.1764208796
12.9745679293
