9.91072350459
13.0425560545
8.70347845176
10.4289139138
6.72724423165
8.52462843867
8.80083268912
11.0942424887
13.2319906328
9.37944747617
6.4586382215
10.3754975644
9.95065574165
11.2704747021
10.971074751
5.703926489
5.0
7.79312718555
6.87667829174
12.6694556792
7.78804605685
12.6188614446
13.0441819588
11.0024859104
5.89277895464
9.98979984179
11.6246322855
11.0034523406
8.44717428418
6.9944546143
10.0487056374
9.48579380721
12.3334888969
10.6863451791
6.9785913883
12.9856242884
11.9527556802
12.5302097531
11.4393441534
12.2445946395
10.4988371998
10.4752084423
9.53427826464
9.9629051659
11.7571379332
8.63164928162
11.3266088983
10.4826252742
10.9600912204
9.28231388806
11.9475291307
12.8429091845
8.61803398875
11.6216383025
9.71805619445
8.2652007922
11.5414908092
12.2705711032
8.11932114475
7.59430215255
11.9025329712
7.68043528507
13.3893303955
9.71848678285
13.1248149395
9.08420701957
10.2087229247
10.9191344629
11.8708327588
11.5766661425
11.5655579587
9.18712922252
9.73818945218
11.4790245571
8.32740024739
11.4304668042
8.5497015007
8.8020292242
9.52974566055
9.50122737217
7.04164966675
10.1898706978
11.1653762072
8.95197736378
10.7579902715
7.91796173249
9.47223333994
11.9934938973
19.5487620259
10.1235256258
9.41133679055
8.0186358081
9.4277085031
8.41186465571
10.6913782496
8.65587895538
8.12594698533
10.264602573
6.0
9.61905384568
7.58440117499
10.3302580639
11.0
9.73966924904
17.3690360994
10.5692489477
11.1651094316
12.281306397
11.8353533942
9.32789037809
13.4853480505
11.815677894
7.84692720142
22.6784416966
7.89034706968
8.57117307168
15.4805186393
8.44400202936
10.7626512959
7.0
7.0
11.4853022737
6.2233732264
14.1759597395
8.61803398875
9.12251995827
7.34764144639
8.0
12.7328949567
10.3396125015
8.60395128628
11.2917255945
7.69475958237
9.61803398875
8.07278076556
10.6335600851
8.41394607568
6.0
7.86644691577
8.0
11.4510474092
8.38593056899
9.49322045088
13.7581915154
12.0612513397
8.87055497204
8.94428103768
6.88998332997
9.81904249981
10.3921638457
7.95523604746
8.0
9.54417875753
10.8303411722
9.08167668801
9.10878934686
13.8310321404
9.99516012684
11.0752461208
12.2291222434
10.9534520959
10.5482781711
10.0030830993
6.88706989142
22.7441008645
13.4954358361
7.9710624464
9.52540858691
8.08210687414
10.6440380384
20.6269616226
10.2078679685
8.52166293677
11.167990551
8.0
8.0
8.66797392117
10.7354265011
11.1146331177
10.2361870738
7.64497254147
11.8644346168
10.1054645109
6.75051396593
11.781783605
8.53413416408
12.0962226591
11.0855889423
12.4902241908
11.7724115725
10.8331797219
11.2659837357
14.5255840475
12.4624324578
8.24413769912
8.72210883498
12.9898339613
10.5494825658
11.3097300402
14.6167027198
9.12378824328
7.61242051631
12.3295595145
14.3870523292
19.4953422996
8.59078946702
10.1974068811
8.25835511069
12.5234414953
10.0825255981
10.7806721591
11.1389693842
7.33121032387
8.97137842684
10.1878452539
11.1535699447
10.7133184564
6.90766761356
10.4529915265
12.0646596918
16.8400012798
17.4478008153
10.9839176179
11.8186197222
9.80162271415
13.152666884
12.2524399495
9.34527629375
9.14907961272
12.1732676378
10.7950882303
10.8831264383
10.5287536687
9.51459558716
7.16308076213
7.79270746282
11.6581941307
12.1827893757
12.0275884862
7.17203110863
10.7291056927
8.29263341312
9.62132092084
8.84324337816
5.40045010068
16.3616296826
7.04429884456
6.91508221627
7.85756413349
13.0688551801
15.5048774905
10.9734293719
8.04961685763
10.5837385343
12.8255054557
12.2685342378
9.0
16.8955518062
7.00024537002
9.84975794609
11.4552817225
6.86303645474
9.67569505616
7.92553483838
11.0354224561
11.9877241412
8.93647449454
20.5937557681
31.3805133103
7.667485376
8.69490158827
18.2696890766
21.147223823
7.58108928906
5.9264632258
10.6119754394
10.3607553699
8.45932556153
12.7049304905
8.96747459738
8.36421755527
10.0925432539
8.73434544921
10.0589604487
12.0652048691
11.8600224647
10.4636328624
10.9739262377
8.47891281991
10.9805421308
13.3072041563
9.41961316879
10.2102708196
9.32620399384
11.9882752336
10.1730782567
10.1356580278
7.85184693424
10.2386778261
12.1240653646
14.3900356661
9.96042962787
8.69910512639
10.8490391214
11.2444072747
7.43783027822
7.80081836804
10.621494787
11.8923775876
8.0
10.4227055214
13.2976428449
9.32546697973
8.76489853001
15.6227417868
11.200988688
7.34487348706
6.92135976982
13.003899125
10.9543713452
14.354484253
8.43962343663
12.6249400085
11.7303289668
11.2349085413
15.1152784607
8.97507876597
9.9996768873
8.07508486131
10.3560945833
12.2415722512
11.6247128928
8.38569325811
13.1794560139
6.08362149072
12.9394260652
8.61689955621
9.91836282227
15.8212467259
8.92790098338
10.7854449135
8.45315464375
12.6430031912
10.3804737395
7.30619777
15.9429552054
9.30162824452
8.36945906584
9.83536566997
48.8230394166
10.4026415695
6.77812383774
9.8520155118
9.0
8.89929359759
9.96398035757
12.7735330987
11.3047417206
10.0650546778
12.1068457674
7.33628434454
8.75709499455
9.27201752413
8.98206349031
11.6727067108
10.280608211
9.17769847462
11.6665134631
12.1500836408
7.0
10.5380322041
8.0
8.48927652618
8.15416174275
8.93409144888
11.9733367327
7.36571816766
9.64886497613
12.0482006117
9.41332899794
7.14436891958
10.3448334546
9.32478061469
9.64491036723
10.0491033231
13.5026550894
10.8826661786
11.8637888946
11.3489190367
18.1320303875
11.9439812148
13.1151749218
8.73025243501
12.1617863445
11.2469998534
6.0
15.833800433
10.9526902262
7.34866899414
10.5015559244
6.0030913604
9.81633818215
15.9953593758
11.2052229196
5.92352678102
9.48615545576
12.6267196034
10.0
10.7084194803
8.45590732136
6.62985886684
13.2186947052
15.8473718113
11.3795465687
9.1550696575
12.7456271333
10.6309578446
14.2234566542
10.9192624424
11.7382622052
8.89842132833
9.50119091835
10.9632911618
10.5978190086
8.56766800055
7.0
8.19883071977
12.2702382153
8.04469129191
11.3575197409
7.90120743933
7.2860147547
7.5805124987
9.99665833177
11.8729034655
9.81902474158
8.97054581974
8.95277349229
5.5
9.93361907789
10.7840138849
12.1120069252
18.6697654851
12.8311561363
11.0774272584
9.64059967163
9.01658066694
9.02328719817
9.15468203185
6.90932155429
10.362969379
11.1345827038
6.80548011005
10.1995224824
8.32529496175
10.4348999684
7.34666699876
5.0
8.5383872686
7.59432474202
5.0
11.8588037407
9.07613454051
10.2115725889
11.1001638365
13.9164789479
5.89022777135
9.44257437532
8.78014009346
6.0
10.5651070435
10.1137869186
10.331878524
7.0
12.2016682203
6.93349745668
7.96116322244
12.092699994
5.69948197841
6.95439051607
7.33951390424
8.0
7.0
12.7843768549
9.76495645835
10.3157212264
9.64858488163
8.12598789936
7.16930768213
10.7627913179
10.0491694759
8.60110993149
11.2146985135
11.125678952
7.69541185563
10.3602348455
12.0
9.15610703766
13.2713329102
9.25797719057
10.7879663783
10.0811388301
8.67842266117
10.566455806
7.77882416227
8.42010078931
10.0549373303
13.6018896297
12.2222628807
7.55294876117
14.2434872718
12.9869473126
9.2133150581
9.21368588805
11.0183788466
11.4106037924
6.69722436227
7.92653277643
12.4974904831
10.7064818932
8.07014226064
11.2325492011
12.8835641006
9.0
10.1337263148
9.15713681998
9.81146424532
9.51071204515
9.13982855191
7.37826190009
9.26668409545
10.5689892512
9.6729587867
11.8574514783
11.3617811181
11.6211725257
12.7097878157
8.45651346863
9.82252091577
6.85629853856
12.8473870214
8.44909024417
20.5477142182
10.4445450816
9.01832265241
7.5741584666
11.2817873723
11.430421638
7.65145637443
7.26904502614
7.0
10.321239779
10.6243618122
12.9025852199
14.8899759963
9.67998901994
10.1392184957
9.81161694162
13.2630661672
11.7089688611
11.7269951421
8.36657834587
10.4841075254
8.44290817739
9.09298616656
14.3842940326
15.4324201962
10.7858905294
12.6778073238
10.7855903884
10.8781704438
11.381121874
8.07462385275
6.39035160363
9.18438777567
6.58108577891
10.0544998467
9.27232588218
6.74186032291
8.0
10.2507958702
11.926319408
9.85690756863
10.5950192998
9.10961340518
11.9214061883
10.6661184039
8.15466328449
8.74988500707
10.3380139106
13.0852416886
7.69506590771
9.17634931383
8.58277531054
10.1538877711
9.51578820323
9.72764870241
10.8983556983
4.5
11.7510853201
15.0
12.2618533586
8.14976991846
3.83018048927
9.23622742952
15.1536475877
11.6867812996
9.54035020081
7.36330006425
14.827259801
11.1402717827
7.84962498103
13.7000500819
16.3665730631
14.4705309779
8.80576202099
9.23065794272
15.1169463926
9.4667759968
8.45478573828
11.4338760539
10.0672802518
10.1525069253
8.97577368015
24.3616641611
9.87440292007
8.31662479036
9.35749387807
22.2856790043
8.72818087473
10.4880455556
11.9372716723
9.03236480015
9.0
12.3982064768
7.15485877026
11.4830695637
8.60105432928
10.7753112279
11.432731308
10.396691026
9.70984131513
10.3696710621
7.214728641
9.0
9.18132647806
8.65041226533
7.69722436227
7.2749203577
7.90353943579
11.1156849226
8.78345023707
11.1147659137
7.0
7.27204231785
10.7784822092
11.8280455534
7.5
9.20441081323
10.7402886323
3.5
9.9138619057
12.628920589
13.5669059764
12.7281005031
9.96517320568
9.46336670564
11.9097856641
13.0623799473
9.08857977952
10.8909659689
9.40639515117
8.66720113339
9.0
8.8899805916
10.9348192824
7.87361735941
9.41905858074
8.91200151671
9.49021365589
6.5
7.71415062097
10.5586955923
14.7720582328
15.0431964021
12.0237924001
9.98556934438
10.0373090986
8.3368488913
6.1355787363
9.5033606245
7.59365895708
12.4817604513
11.7461800198
10.9100195354
8.42043286135
9.02309847163
9.15176336181
9.84148443588
5.95325083588
12.716677904
6.67991783818
11.6769823125
12.903759709
10.0615528128
9.0974955109
7.90654080569
7.9870299473
8.43184458913
8.86100139383
10.8353675523
13.5972960499
7.33608788975
12.0714793742
5.82960523894
9.0
10.7216450404
12.4988700486
11.2545656168
7.91070675288
12.0728486285
11.477546093
11.6134233183
11.6576408179
11.5485328113
11.4646496526
8.86715485839
11.7882700475
10.4909767175
9.85455667223
20.9561438221
12.5913278096
9.6189159191
8.0
10.3431694229
11.0873676953
9.0
9.8554473599
13.5579910759
9.44714166277
11.5839285527
8.05146903914
9.13984375453
9.95000632458
8.06868080755
9.79232814814
22.3378644135
11.0
10.7950050608
11.4637502783
6.92286804773
12.3463913825
8.71578346369
11.0881859197
9.70402013967
8.0
6.14297414754
11.8329791836
10.2496191523
13.9965806407
8.30210223165
13.0960565217
7.5
9.40235765275
9.75603642284
12.081078222
7.67824695478
14.6860647019
8.9994841487
12.2905561468
9.17868917358
7.78564432111
13.1497454302
10.5556226435
20.1187271562
12.2207177107
12.7023488443
18.2749426856
9.54272299398
12.8443895734
8.09925594744
14.2950113686
8.05146597489
11.0651186331
9.67894811899
24.677613972
13.1328749926
10.819989485
15.4890054037
12.6620141483
8.08713453392
8.80892447397
10.1932620463
7.4464571787
10.7309009125
8.0
9.00149770557
6.0
12.0131866734
11.0732028257
8.84549256064
16.3834848244
13.9685147786
16.2626537919
14.4769486392
9.96847878653
10.0914872487
12.7205792712
7.84721479906
15.0639025043
11.3750360909
16.5632728228
15.9745158296
10.561274757
14.7226714118
8.13446041664
13.5811964046
7.9372960105
7.95369638938
8.87356989623
8.07943040251
12.5003671774
9.72922565496
8.64616190523
11.0717975468
6.84888035474
11.0804785172
8.74641359334
17.0694629318
9.82842712475
14.797073607
10.0851576879
11.5921938394
9.36057556668
8.77892623055
8.27448728135
10.7740065567
11.8489287272
13.2356729382
9.83937937656
10.6346307236
8.17005856849
9.50224712105
9.83693127606
19.5126464176
7.0
9.96871548996
8.34896129325
10.5609823279
12.9089662002
7.98305661302
7.46037695925
7.22192125491
9.67537877611
12.7332778869
8.22507027859
12.7511302848
11.4952366425
10.1655363567
12.8038219987
13.7264005039
6.59299829318
9.42390145335
7.92512338065
11.0001668052
15.8648094575
11.4196373081
10.0
9.20722794182
11.0203624812
8.62814156243
10.1849833592
10.3880335699
8.23832165879
8.33033615936
7.21264959817
25.6352896966
7.42709230514
10.9221000998
10.1594534117
11.0372968917
6.29601637677
8.0
8.09132537083
12.2613278228
8.81608729303
8.8335348573
11.7019070885
8.6285773031
15.0864757583
11.3774835084
9.40037857109
12.8618633367
8.43637909119
9.19798447214
8.0
7.65138781887
11.7556247391
10.2750402193
10.8994574982
8.82408577138
11.8846525028
18.2687097877
11.8125039865
14.0272459558
7.61418272403
11.3858561882
11.1900171397
11.2124816952
7.95514498287
8.14005494464
7.0844313024
10.2492067976
7.41421356237
10.291538077
8.8312456955
11.8376208147
12.4693963876
7.0
10.1502929866
8.56965281625
11.7754952226
8.82058213511
4.95884728349
8.24495555684
15.2583254649
13.4908157586
9.80933655201
11.1512078413
11.7614740252
10.9247593628
7.89126300447
9.62273162686
7.99394802941
10.3758092787
8.34469091794
10.1124810513
8.93293603218
8.16787416212
11.2935858899
9.11969056033
11.9658489663
7.14085228053
13.7959053199
7.75060641894
34.1606246485
10.7421403899
10.0391508969
6.66323450945
10.8587841785
11.4914941833
9.0
9.15557737006
14.2828123365
13.2209918647
15.806745097
11.5538879993
11.5093183731
6.94627885466
7.70656428074
8.7909478308
11.2647495761
14.6049116069
11.4210063211
9.71601734434
7.9657519054
7.54555791732
7.96460680466
11.9776213627
10.9691169419
6.10132211418
8.06050437132
9.13958498073
10.255984662
7.80968772568
8.33822252944
9.94819999323
13.1468246136
10.3061684817
11.5493485693
11.3080502178
10.4053169367
10.837629423
8.0
14.1845559671
12.0856190092
7.09339722132
14.3594357403
8.87857329074
13.0166429588
11.4388228401
9.79092864231
10.3215336148
10.0244260672
8.16227766017
15.8625352906
8.31229482673
10.9161651845
7.41347939801
10.0
