3.11846509547
6.42085833649
4.61334267658
6.15011103447
2.0
2.17953095525
5.0
6.36737098536
3.78214695591
2.41239310029
2.56027402587
4.93318742629
2.92882633014
1.89066259806e-13
5.55779715112
2.91852834554
3.0
7.18207274726e-14
0.846493841869
5.84958027017
2.0
5.0
3.91145390871
6.44617150148
1.05864685522e-13
6.006107043
6.27035500897
5.0
3.26618263692
3.0
3.93103752661
2.9347439956
6.24505609821
5.0
0.937742251701
4.0
7.15664149784
5.49628212654
5.71532255576
7.00652916993
5.38547007195
4.23284250645
2.0
6.0
5.6200027772
2.0
5.97649651973
4.0
9.78838990722e-14
2.878338644
5.71652852978
4.78715535119
4.0
5.30283952848
5.91133555001
3.61803398875
5.69246932324
5.79557254651
2.0
4.0
4.67363331628
4.0
7.52998466873
5.86475702118
7.0257163717
4.0
5.61882176871
5.9570026163
6.44549578104
5.0
5.75128596528
3.58233364869
2.0
6.01960507272
3.3649115685
6.4954822074
4.24019318679
5.15741213122
4.8983030503
3.0
4.5139930519
4.56116163663
6.99143134592
3.52719482299
3.0
3.68697440985
5.8362326769
4.23997624308
6.41462887615
5.02519494953
5.9580423383
1.85584803381
4.77090341142
3.78986126673
3.73717136555
2.5367264711
4.27149436309
6.98881709878
1.91334366175
5.41129116152
2.64225689529
5.38626465652
5.43982730477
6.10285281047
9.54055638868
5.92483709548
5.19422370827
7.20682470868
6.35107323747
3.28391216569
8.27369231286
6.59386288675
4.05074677107
10.7285542672
4.0
3.61189914432
7.67502834822
1.88972969858
3.49013112137
2.0
2.0
5.17373464981
4.17586038218
6.43215705726e-14
3.5130301452
3.20242615507
3.0
2.70400674481
6.5277385989
5.12524639184
3.7184122058
5.64312105965
3.80696304113
3.0
0.65404700751
6.47637933095
3.9155306717
4.0
4.0
5.51542000921
5.92108974678
2.81832930119
2.57582586931
5.11809238709
4.75384671118
4.0
4.0
2.79141623315
4.13619668755
5.65693012084
2.0
3.0
4.0
2.0
3.90519007342
2.0
7.28242273803
3.66369578772
5.73709103619
7.17714780345
4.20349500846
1.90812624031e-14
2.42625091815
8.48720263653e-14
11.8450670347
6.10526116988
2.0
4.0
1.48529220512
1.92255602769
8.51733394373
5.2545670982
2.87689437438
6.54745540563
4.0
1.0
1.36306613025
5.20306241706
1.0
5.44585413853
4.0
5.52720014645
6.01986559547
3.60523318425
5.22942420228
4.0
2.80857560522
4.66530082918
5.29856685114
5.37843557076
4.49700313135
5.51340045397
6.49105223001
4.88872458133
3.0
3.03789360543
5.49072843712
3.0
5.78363622565
7.68854201234
4.76803714488
3.0
5.53017606814
8.15710710997
9.40207433681
3.82745116716
5.59952730822
3.0
6.39357159677
0.975333156967
5.02998001311
5.82391257414
3.0
4.42408921008
5.16302893407
5.79807718833
4.72446531517
4.0
5.9193455184
5.03015422187
8.35585348995
6.84616440554
4.63441131998
6.08166749623
5.77728501975
5.45883536732
6.40632725231
2.0
2.90749660044
5.72590777715
3.60143261205
4.54070516691
6.19258240357
3.0
3.64581293937
3.0
3.39908497552
4.99743062712
4.20758119141
3.4466525905
5.90315883655
6.0
3.0
2.0
1.0
8.21798025875
3.0
2.0
4.0
3.71218117965
8.63077774084
5.20519797485
3.0
5.2300428447
4.95215122991
4.89945589711
1.0
8.87081327604
2.0
5.62299468613
5.83608215452
3.9303069974
4.0
4.0
5.32994150505
2.72697336658
2.89022777135
8.1079162825
12.4485159055
3.23762232811
4.65642328196
9.52083184817
10.5186980695
1.0
1.51362433224
3.14777244718
5.99799221997
3.33973245162
8.96127155343e-14
4.39645879024
3.91182855368
5.32363080199
3.51451672528
3.0
6.20560262221
5.11603527783
6.04087869401
5.72510770766
3.0
6.76643172952
7.00077020544
5.27949775318
5.62350761114
1.94213937473
5.58426001375
6.38702679483
4.67654987682
3.64003871888
4.10783157736
6.92814825478
6.44530202868
3.29253085608
4.56155281281
5.0
3.02514083985e-13
5.0
2.0
5.98780135503
5.07669420687
3.0
5.82018038122
4.68742867453
1.84401748798
5.0
8.02655940911
5.48262538972
3.81799473434
1.0
6.09533337229
4.0
4.0
3.21333054886
7.17501343438
6.1191917968
6.02289974088
7.40989496644
2.80149707496
4.67524411985
3.77975610888
5.45548965267
6.07312444291
5.5916262793
3.42614474986
4.66017305106
3.0
6.43023395064
3.0
5.8772534017
8.0999808548
3.0
3.0
3.53972478513
6.18060431296
6.0
1.0
4.4690555189
4.4424116481
9.24185231652e-14
4.43077042276
25.1203279473
4.78035086447
3.0
5.82061377322
2.43617216945
2.58578643763
6.22678326532
5.24998573508
6.92300954021
5.55562827705
6.88407421222
1.87249810379
3.59000290984
4.17696418516
3.66068392391
7.03962074087
5.12278245254e-14
5.14140566143
6.1060287096
6.12945203256
4.38196601125
2.89263501051
4.83772233983
5.39496148892
3.06417070284
3.87491910625
6.36262714128
2.93758929243
4.0
5.45348589313
4.18011505265
3.59486495303
5.49362149762
4.15507271416
3.73422128673
4.64050438583
7.1062625721
5.81636516778
6.5653323667
4.52884802789
6.25753043647
6.4683055784
6.99801654179
4.77716304105
1.06989856457e-13
3.93139132649
3.36163198627
7.64524290467
4.84124939049
2.41533515593
4.70863012436
2.0
4.35983023232
8.15848296723
4.30886536745
3.73362106453e-15
1.63826691124
4.86641063763
2.0
4.86294386924
1.0
5.37014113316
3.55331407189
8.25480831808
5.0
3.0
5.63873541387
4.78832786528
7.36277101992
2.89360838504
4.50627305266
3.2541277079
3.0
2.90129172012
6.74875674704
3.0
3.0
3.0
6.14066300834
1.9709724783
5.0
4.0
3.0
4.0
3.46705453893
3.33285123853
5.9952860565
2.0
2.38440146556
2.0
4.79004094522
6.65204209301
5.65200186041
9.45634962641
6.18836766157
3.86537440622
4.94450383013
2.70017186998
5.17435659555
5.88714265453
1.0
6.3746616337
4.35801008623
3.61803398875
5.52424392649
3.0
5.7602900378
2.46844582697
2.0
5.0
2.92787708538
2.48466294882
5.65104515095e-14
3.72270158184
5.71756158306
6.57110669564
6.90987376911
2.0
4.0
4.18336059297
2.0
4.78909422265
4.1455110381
4.20707166841
4.0
6.58050752174
9.10248355206e-14
7.57164803852e-14
5.09802948165
2.48006112799
1.93965686871
3.32516889351
3.0
3.91640410163
7.02815780502
3.04376465035
2.92777380926
6.58360933869
3.30332506752
4.0
4.3109683854
6.61759497596
2.84659983923
6.22008612358
5.35655633184
3.0
4.02134046676
5.52821136331
2.86838169686
6.62992935225
2.32204127257
1.0
4.0
5.49039176642e-14
3.03509917766
2.58339436634
2.98000112025
6.0
7.02014206235
5.6773646457
4.78583781254
5.13316896673
3.7369039739
3.95750966845
5.54665662027
5.79887774241
6.70527600649
1.24866506149e-13
3.0
6.24257927148
5.77681734982
3.0
4.17208344258
5.8912498758
4.0
2.76021577918
3.48102162153
4.15809581143
1.0
3.41635199453
1.94206450446
4.7769645863
3.32185246864
3.0
4.76420984315
5.54824580297
6.0
5.79732026729
4.0
4.37680979412
1.0
4.50791560914
3.0
12.0517539106
5.14169053751
4.0
3.25212316433
6.70154140705
6.11466502201
3.0
2.0
6.0
5.88364281143
6.00812953931
7.55953099985
7.74538657546
3.0
3.89926205749
3.0
6.98444276574
6.06667179322
5.57909723929
4.03589198051
5.7572027109
4.25610364049
3.0
6.63371544956
7.65332699714
5.79400292397
5.22279303205
4.88087353344
5.46220443188
5.62841461631
2.69988756246
3.0
3.0
1.96366078993
5.24813020875
5.0
3.43380364817
3.0
5.90192956192
5.39998169894
5.88026206888
5.20073759526
4.0
5.25861597052
5.25036122801
3.76444371741
3.32250602793
5.11737122223
5.54247910285
2.95655805503
4.93554475761
4.0
6.28541434954
4.73765476576
3.78591947256
6.08596098251
2.0
6.12064891018
7.98746757634
4.0
3.92655724426
1.53173447548e-13
5.70595719086
7.67960054192
4.93092963656
4.0
3.47190151053
7.81524891527
5.56879866177
4.22787870632
7.03531396702
8.19304128469
4.70559650276
3.0
3.38289114784
4.0
3.5906628024
3.49663613865
4.41247187746
4.10186645631
5.491633717
4.0
9.41232174232
3.0
2.55536338156
2.0
6.03781074337
3.0
4.89470497702e-14
6.05630528834
4.76992972643e-14
3.86696166805
4.13639835952
1.0
5.39711163091
1.68375329336
6.01061507932
4.86155514756
3.28238705882
3.0
5.45953114818
1.0
4.4707312941
5.0
3.0
2.0
3.0
1.95889316042
4.98596651869
4.6232354363
6.11194936462
4.81727989395
2.59475594482
5.0
6.75520370224
2.0
4.53384081906
5.11920759034
5.62008261722e-15
3.85289476303
6.53334123644e-15
6.6418720767
7.29306884875
4.0
5.63681059051
7.10733481191
4.43851394244
3.54500125513
5.20658188539
3.06342674357
5.0
4.0
4.69722436227
4.80963239452
2.0
2.0
4.0
3.0
3.91010542634
3.0
5.07715593602
6.13191989744
7.98077572161
6.37518582911
4.29967946926
6.35782006424
3.44190075214
1.0
2.0
2.35451329392
5.38593930209
6.44450995566
6.33379183536
1.67015588227
5.7639320225
2.0
3.71937036494
1.0
7.06783103448
3.0
5.76897966872
7.22803944243
3.87689437438
3.89987778195
2.92716121211
2.0
5.81304765649
5.37665990835
6.23660053027
5.43207586583
3.0
6.41047251274
2.82827397348
4.89984269036
4.7576396935
4.39171051198
5.26762137022
4.0
5.7570535453
5.3051712616
5.74095652698
6.71304283966
1.0
4.78065874672
2.92479105393
5.14927780493
6.33271457783
6.40295951508
9.77536294078
6.59748835087
3.33735852156
3.0
5.65482755517
4.80020024891
3.91912466836
4.89455969534
5.90590031084
5.41954575711
4.7106299054
3.51504534408
5.67030071428
3.0
4.1182557641
5.44269200922
10.9328053679
5.34164723932
5.68093344574
2.8180186215
2.88687331703
6.3351701631
2.69032092282
3.72916171586
4.18485069667
3.0
1.70093782387
5.91875077545
4.06823441705
7.05797817357
5.60478490435
5.44630786539
3.33912551778
1.95915699476
6.78703063601
4.61641702652
5.32662550954
7.22410334858
3.38272910861
5.30795850937
3.0
1.0
6.24179692845
4.39356482815
10.2444910842
5.69689504814
5.86189984117
9.47887315869
2.0
6.51058667935
4.61493541317
6.2634497923
3.37307757218
2.34674813892
3.71831169419
10.1950221212
6.32372352513
5.15046820315
6.49713561975
6.31902700437
3.0
1.0
4.82296728973
5.0
3.0
1.0
3.73550845906
3.0
4.36293511877
6.78542005079
2.0
8.68327466109
6.3011590258
8.02210755638
7.73154739342
2.0
5.33534915414
3.59118935835
2.96931416868
7.34171196259
5.73694343282
7.98225239471
7.5345890887
4.65790890129
6.9784461011
3.77349974311
6.85812165607
2.30306771958
5.19604104652
3.92648991566
3.0
6.73385401653
3.52260798831
3.31038401305
6.08809715039
3.73611395109
5.67306636468
5.67132802711
8.91729439813
5.64590665867
7.2709950628
3.36537130545
5.53531768572
2.81973009749
3.59435087106
1.92196499721
5.4056021987
4.03725116265
5.80278298297
5.942178633
4.72542503274
3.94479768068
5.69918835095
3.18063537653
9.07404335355
2.0
5.66935031535
4.59466228562
4.5527185141
5.56809735659
1.0
2.79509544718
3.55025750042
4.01235203555
7.07295564121
3.75318216124
4.48886099041
1.77866539263
6.0
6.34012474818
5.75469287784
3.0
2.96004118983
2.4400101345
5.35250127436
8.91222094746
5.78775192793
3.7639320225
3.71773225389
4.69468345864
3.74467096793
3.61194535663e-14
1.0
2.97805711724
2.0
0.906090666057
9.32716252364
3.80191173186
4.9253308235
5.61791696716
5.88122079352
2.0
3.1160375266
4.0
5.65512895178
5.24966000918
2.93879717138
5.12251333792
4.0
5.87843074048
5.1355904603
3.12025225352
7.44554642465
6.08688059487
2.0
5.0
2.15870492408
5.5440387155
3.93904224895
7.13547817675
3.74744655138
7.38931501405
8.59937962515
4.34549431225
1.05167663013e-13
1.0
4.88394072991
3.67171189284
4.66962046902
2.38196601125
3.93132347904
1.96267299277
6.20098301425
3.42260979638
5.68424516315
4.0
6.42032693484
5.46862070669
4.0
4.92574127083
3.0
4.0
2.53949512998
1.0
4.8224708302
7.04805085168
5.63449291615
6.21940512631
4.6705457072
2.0
5.09026703008
1.0
2.0
3.54882327481
4.49741785026
3.50809600277
6.48150571948
5.0
2.55752865124
5.37353499084
4.0
6.78389996432
2.0
6.95747305143
2.45002556265
11.5253619419
5.86597491969
6.94645330433
2.0
4.40399514596
5.92446624356
3.0
3.0
6.4196729905
4.92363558115
7.80893038619
5.43615966437
7.64506472862
2.0
5.0
2.27178564556
5.29509341954
7.80438725371
3.22675370724
3.0
2.56060797206
3.0
3.0
5.19902871461
5.52513246917
3.0
2.0
3.8826232842
6.32406888456
2.0
2.0
5.72018108217
5.83836519734
4.96192380168
5.4006106579
5.0
6.70850613998
4.0
4.0
3.89558907562
6.14050645683
3.54337790887
7.52953686088
4.39328340618
6.92813112149
5.35930187307
4.72266750902
5.07681146445
3.72678207679
4.92297051324
8.37681457108
2.79498839131
5.25874561455
3.71599322543
4.89355991722
