167.902904393
138.873355882
200.982283751
128.538572142
12730.7353942
142.563212976
882.577065359
198.986035421
300.299614873
122.811372884
197.01728321
231.907174871
65.9554617842
334.776000675
752.957075632
201.253574813
259.229279503
219.540951816
188.489682588
286.558288282
158.159460025
463.857967545
192.76735005
441.457664863
2393.45956609
312.521836382
1505.03440256
410.146559936
226.345869277
587.76006442
727.926587727
249.979861917
518.132866904
341.185195369
158.348381214
133.722159583
774.392254509
217.493966855
297.626397554
338.542764811
85.9020982743
4424.98242496
173.096436198
229.885572971
566.359377344
1995.88763227
356.747194122
244.131894602
405.570147973
132.827057094
133.628318457
544.572927036
200.078967314
759.256095088
725.369737053
152.135333159
381.205383349
128.976874073
128.532286096
244.460574851
266.954395313
191.905874952
283.297045867
4555.72795002
496.614953454
156.489751962
144.656765346
413.907807986
346.882236404
205.33075727
194.785873962
141.713758101
221.381735239
238.433490254
14573.1136071
194.997550396
668.416184846
319.272382946
175.201429704
289.524653944
10574.2179342
2702.27848411
287.778680359
150.064433567
305.29931561
248.177859072
403.257544333
320.045634722
285.426601904
176.872274961
1186.54859675
272.864397479
165.039438172
607.888225028
184.377511483
131.070111389
110.722617045
217.055131546
168.242695692
862.16636521
151.861591424
432.425793083
271.066053394
896.393655584
186.258982701
334.305170381
650.72327742
1619.20059731
138.734355507
111.271179399
176.086657846
335.361543137
134.161876205
123.074814646
172.829976976
152.093621086
196.266446197
116.128241988
22481.4460672
171.870647877
192.312309245
819.912205889
164.221789226
199.112016327
142.532004874
196.414848468
97.5478097593
585.537354771
882.612141793
266.027132163
121.352272509
233.546461337
217.297613441
80.1273533914
104.107363783
461.17570786
114.316143562
170.415235379
200.768235702
4136.45931388
430.69868252
151.526353493
213.403078239
215.403176413
235.048279419
293.002306607
149.452360719
494.074432121
184.100707598
292.324376319
179.499875312
111.431224382
131.379742546
130.235432074
330.295570655
138.789006384
114.469136107
209.666905711
159.908422539
166.22342549
250.851181132
733.554974374
332.562215166
168.84953373
176.600133019
444.866599891
147.46070853
325.462469643
158.123543606
372.271222733
466.198620418
533.23573349
196.740679534
491.309977082
137.428106648
125.662099095
197.316491134
291.973743094
155.343671841
492.985897941
429.232798511
194.524784556
141.309072465
112.716125797
187.241142875
853.158552236
143.105423146
240.9584937
277.538861467
416.352381776
365.582416538
498.737418992
209.691563117
72.9014629442
157.596498504
1248.4147762
122.631003633
225.947381425
207.224244111
189.913843983
390.821902396
416.297839624
177.170409371
179.219733275
140.427686326
203.253416236
300.97154808
151.741902176
160.64577756
59.3967032661
579.767968192
560.672839717
106.555582623
250.166562806
7677.44803599
679.104395848
1503.30396162
108.43923099
130.914053977
416.921374614
158.658513621
270.790856171
222.442210599
346.046095418
174.240559733
361.020208956
224.857176628
240.897419563
448.457231802
380.618031894
263.249109707
170.319341168
195.041618293
110.888290927
258.287972744
199.985136299
512.204709933
234.409892275
1106.83478927
1150.30719357
592.090389917
528.444156962
171.789181271
948.386384485
153.120373252
172.892845346
145.032480664
128.825119088
101.811697168
119.497208329
187.459078401
193.701182556
296.15784183
175.508512173
964.734608094
212.238551496
283.754129178
250.603449479
165.871398041
1025.3751719
183.367911151
185.503300883
115.450503552
233.572442924
136.227542689
112.098552412
151.461873178
952.525273659
331.461562026
312.4972048
247.941923316
302.958946908
160.769932435
125.518922406
271.958901849
936.667135758
764.00110745
176.688405393
120.983159087
106.255741905
273.231452468
695.435352926
125.122216924
125.804094658
278.290202405
143.734794178
266.397058729
152.319139288
166.690007798
107.235895761
159.286379785
360.799708983
163.562586497
254.374437027
409.299257768
524.233537806
147.653763915
105.845260599
192.298797974
619.777700245
130.333485906
167.711634666
134.357434799
1104.52029272
824.066936134
155.479450106
172.944530172
194.930678472
282.09966887
137.068087338
420.391237301
155.366915281
182.651472929
602.545661922
150.933453913
352.789908249
221.886623363
272.004944094
148.434084726
663.44844406
286.161080626
531.766821821
12896.9816173
529.096818236
251.892826757
550.150222444
210.538629502
214.450767136
1268.31787603
109.080864879
323.396826436
158.779865994
178.278005617
258.956213978
260.252003816
152.264116556
125.275776691
165.314891848
655.740539326
199.990187204
143.851457821
105.37669261
178.670553112
113.562344087
129.833081601
205.257610086
150.533258507
133.128915922
259.427536092
263.192592584
420.688736812
120.74255438
1336.42890451
133.149254528
235.697984138
341.185777055
376.566363604
118.789195743
472.499728756
182.441084883
111.002070144
155.695834005
114.534681015
192.111272081
174.247559397
103.933202575
552.914219209
581.021955363
277.572100694
149.345031531
113.286627797
501.026799299
480.620342538
180.317979063
136.645688441
320.728923555
145.80824195
336.346694243
1255.40137537
1193.27568471
173.545723736
90.3595907091
196.886471195
223.519068754
230.767598989
110.61849409
281.447407431
361.918841704
196.095871256
420.487385848
418.983607626
1350.85210703
108.639958895
273.42366356
450.249091035
179.436862714
101.735367001
4229.09596507
164.971063335
203.292077239
176.910713932
572.47767924
137.865254565
214.455201496
161.241612874
176.995365558
219.925769294
145.849487198
238.247711605
133.923472183
107.489670136
135.664869312
116.681084701
194.213649241
108.127431089
303.276528633
241.159320639
670.157877783
174.093828075
166.192282498
136.48369047
247.471458556
429.745341432
566.934253175
743.024850399
203.012239239
109.527320944
167.622349459
373.839723019
156.241218179
167.052527479
126.42483449
186.710802041
1062.05028609
123.141292347
637.98787946
165.116128189
153.644931455
182.049194787
585.082384089
158.643457195
1586.64761669
147.584567768
962.084678676
249.529367161
108.266119291
173.657113894
244.063669426
138.675971085
175.284855164
123.673783854
339.066775604
286.055621948
185.662743044
414.032221542
153.603189204
181.266763552
321.927362151
154.496628855
178.248759056
143.051014847
176.627100795
301.788734393
278.852010478
600.848355026
122.041092291
171.372950196
140.873899828
399.89884775
325.624244882
547.566635718
171.419315253
928.243983883
176.776306182
344.938169051
124.56946295
2304.60774473
131.910944126
152.529361234
271.18648576
253.070566568
109.968489509
204.818217018
306.063548209
197.838009936
1033.96226289
492.226587574
505.526839825
362.501081644
134.474720778
454.909125217
232.43565589
202.579751236
324.091713911
193.576798087
207.73561188
476.913449409
160.779137999
869.473271732
133.787786806
128.27093804
170.086552527
130.040993436
157.309257194
113.578038835
236.59942726
7178.2610612
152.160719661
78.1376227559
260.282261921
190.161238018
322.150738015
152.459418809
504.361339694
111.623512755
228.773934196
110.034634745
253.262845098
237.370076491
442.850815555
107.157838818
764.407437138
126.802909271
143.68404254
258.487320517
654.820994358
187.494793056
151.990655116
281.572220513
192.078305223
177.763474283
1004.91406709
302.18236976
115.992281754
258.451056405
526.231420178
174.956077181
541.665696169
166.075798607
239.089336795
340.541341442
1322.75110391
156.169941258
781.013821665
9499.08873002
181.171809126
196.892794519
1461.95017418
205.110575938
287.959153805
192.38777643
106.898066883
396.34886663
171.884288355
200.825482839
206.936228325
735.596641547
718.971970573
656.138621455
516.255178217
115.467608187
614.554169537
136.936409573
111.3779548
135.633522021
460.602417754
187.06388935
599.321006549
159.420615019
183.980163043
281.9783104
305.823080411
257.303847895
316.228643134
183.743024518
134.27139586
1329.55184647
134.977676368
175.242005246
228.691226627
210.949308088
246.986642185
560.424749918
330.361431421
232.037845855
245.060764653
150.212100393
537.80998216
184.551260177
131.132808504
87.2610547303
153.483858157
213.281400472
116.989268083
173.468623861
216.004373483
207.246777646
509.354703278
108.419122114
214.699858592
110.742082109
629.925687469
291.323976513
215.704134255
100.57924662
304.055475893
273.111188775
123.816341529
190.924039511
233.861089589
247.70359884
154.890325036
135.54254713
1467.28957198
381.94609275
265.331991103
125.563772429
106.380068663
185.108377658
494.438891269
162.312074145
283.256926074
1052.64481989
187.597631332
166.161624884
161.33817639
123.312267152
2390.98935845
1710.47518202
242.576196652
225.83470486
483.574269083
391.458685652
172.779815647
81.89757108
139.868277773
1488.5861818
109.313281675
436.641187268
504.305968328
93.8066410917
221.048082029
1108.33420729
136.015483368
160.327240324
163.052022615
198.283650463
275.168858701
180.302763989
217.852602624
634.674437412
172.89892317
92.44595937
158.574560647
129.562125056
273.798952063
424.924757644
140.021901426
262.647450185
580.389118448
209.292610965
158.094962367
517.095965452
607.504085741
270.299045318
221.230658732
230.151521003
2508.81244207
107.651381012
164.004297999
297.169404723
220.850139198
206.798244467
434.474455926
88.7368934878
203.827153881
132.04892932
157.391762821
236.698128783
197.087041854
201.304397697
1081.43848744
194.625581761
215.689879461
247.673037099
270.944524581
223.855689585
224.984458097
679.401163519
317.619376685
122.871928906
277.377032472
829.530758522
271.932831032
120.773365258
151.208040951
196.895939608
340.067854464
217.719060954
350.593498298
2576.33169666
160.344021449
1128.19929025
335.555076117
192.00238266
156.344624734
183.993042051
292.669047795
283.158179408
854.937278488
488.628033984
127.310262187
201.463996207
164.505535207
148.975908126
261.27398179
2838.73500261
171.139366154
325.297930761
130.130496026
199.242814159
476.01019677
396.623066589
478.996104067
443.851909744
286.478637794
300.087843728
439.546505605
221.002480666
373.354363622
238.419861597
524.160121256
153.914031756
690.800076473
866.151871249
174.075040198
286.209408252
142.423011957
282.561102356
285.603946803
151.387930539
162.015151056
1361.74487799
301.582876566
288.847938901
201.760128394
500.128586216
125.556206294
734.914713485
160.903933106
102.393873973
356.707537206
154.045185456
111.594436174
255.692648023
192.396729584
137.763087032
94.980202809
182.880300277
124.333147428
213.022384373
304.227365969
119.230885914
395.913713536
689.195414583
378.894448537
365.495102825
176.733668372
178.306607752
70.1416653167
507.968464416
134.045756083
334.614129419
298.681810966
309.889872461
180.805446687
2726.63510858
306.037045778
220.845689451
239.54990208
127.403243498
117.099014745
161.297598427
195.795425199
133.091506406
4465.7808164
113.380536821
383.355405392
99.7114016715
720.363325232
171.903767762
134.780324884
257.21246291
140.088109366
268.782238962
348.593325048
3183.8615118
70.705736504
169.11570153
399.541160399
214.616010482
117.880063732
323.523798803
207.93406114
564.962948598
171.329527554
180.295917673
123.186315086
306.390268588
164.511506051
192.503405976
206.879832309
127.105993773
664.756413553
80.8401257162
211.262922546
89.3212085657
167.867245461
1711.79181932
192.279300608
197.429472937
123.053757654
191.530818646
159.881576721
998.041055468
133.256010864
216.366200259
1931.7841717
588.582774745
388.015601415
660.369344901
188.926370124
139.155729502
163.014179435
116.705575167
159.299446151
332.686390459
679.598770981
440.445082486
146.327746411
161.371721309
153.830843658
190.314180843
101.052501358
540.870606543
102.899217069
700.616542256
204.809785247
100.58256755
179.180454975
160.512208096
158.896086746
200.625191383
2772.53887169
241.327752096
196.821488974
261.573253469
222.708615765
101.702144708
433.615659653
171.383888016
192.47492639
98.3263195741
479.461540137
908.123629341
181.361488521
786.103746336
143.095321543
187.337731061
217.655019062
259.850528188
148.956993812
198.141135979
189.444836157
149.332170629
7723.34671174
263.018254331
238.76953313
401.602931898
209.34770573
190.551114914
310.558487891
190.819303586
1364.0188106
132.251233539
156.434365549
172.381085872
84.2340635595
169.095392826
231.50240283
214.223415435
178.882445572
185.453442968
384.453192713
476.728379912
218.24260074
161.776595497
132.246290319
316.279974725
1052.47998984
167.439244044
569.528555797
150.731418865
205.864881299
65.8568654357
316.719897565
114.071720602
132.329598367
152.930796177
301.883353286
687.38816354
104.726305197
119.339798437
131.092086323
303.070381655
169.697535196
187.928001436
165.512827939
336.207194872
215.836794795
217.078369037
177.80186687
102.972511279
174.810697508
156.813865779
119.340485607
89.3345737952
889.036937839
188.312540665
302.960745778
3448.28875893
166.934600777
385.710400456
340.281419815
359.331233392
4331.72598645
342.826359832
191.713914115
141.964735022
192.737692979
149.344707942
144.038745441
100.556669702
158.578885001
147.41733998
220.325950381
441.195854372
3087.11821574
109.465786256
765.611537363
504.728664393
148.040183436
327.114358117
165.989299772
157.741483655
76.1254628614
309.441712623
266.13657305
521.622322264
165.768964902
244.151984049
388.905977367
118.906248133
129.957634159
107.096243851
466.132690736
200.12747594
518.169629697
95.2280773062
220.691892314
126.758694823
147.756682747
175.544216242
594.21854063
199.056276158
161.946006426
9751.16878047
170.665372627
314.010435651
153.056357165
413.287541917
188.232210103
1114.35879735
210.556437
86.9768977751
1897.89892921
120.120096347
140.400357619
199.147482978
146.281855771
97.8805437848
136.619140026
1891.2012363
229.122008479
355.712890022
784.728594432
158.175788863
183.819030346
153.46036731
228.371667615
