1.057062791 1.101560352 1.042095476
0.931127562 0.914987518	0.98266613
0.965430299 0.998988926	1.034760279
0.968824372 0.960870272	0.991789946
1.026034055 1.086999054	1.059418105
0.951900728 0.950102194	0.998110586
0.940598775 0.943993584	1.003609201
0.851612757 0.794939724	0.933452109
0.995090305 0.99702018	1.001939397
0.910016646 0.898364403	0.987195572
0.758684709 0.781728346	1.03037314
0.915457498 0.925464013	1.010930617
0.912044608 1.100672865	1.206819112
0.980071144 0.975943748	0.995788677
1.128320074 1.086432655	0.962876297
0.943716915 1.055544925	1.11849741
1.014355312 1.161723344	1.145282458
0.920512678 0.909595158	0.98813974
1.006207875 0.951247945	0.945379149
0.981900779 0.989690392	1.007933198
0.848251432 0.822251397	0.969348669
1.009224737 1.020768736	1.011438482
0.938509407 0.965664373	1.028934144
0.964593506 0.967023542	1.002519232
0.95382013 0.957441577	1.003796782
0.921620534 0.94639151	1.02687763
0.972104138 0.952122541	0.979445003
0.982907658 0.977794749	0.994798179
1.02010606 1.002412504	0.98265518
0.991870478 1.06198316	1.070687336
0.764804351 0.817118124	1.068401511
0.960280075 0.96270166	1.002521748
1.146280478 1.140043267	0.994558739
0.942695268 0.950673607	1.008463327
1.140257785 1.15142404	1.009792746
0.998656681 0.997289416	0.998630896
0.883464707 0.921407745	1.042947995
0.974117349 0.964160688	0.989778788
0.960518985 0.930052581	0.96828131
0.952177201 0.968611305	1.017259502
0.957624056 0.951011343	0.993094668
0.919061483 0.898162588	0.977260613
0.991740466 0.996273711	1.004571
0.96811507 0.953620269	0.985027811
0.797494979 0.778810997	0.976571661
0.989816346 0.99347681	1.003698124
0.940832378 0.937129785	0.996064556
0.914881444 0.904231117	0.98835879
1.015540148 1.016961757	1.001399855
1.118058684 1.121657666	1.003218956
0.947833009 0.905055595	0.954868196
0.918707656 0.891416823	0.970294323
0.943537403 0.958073209	1.015405648
0.808547306 0.784443754	0.970189065
0.920766206 0.920701775	0.999930024
0.922348986 0.935064962	1.013786512
0.959300146 0.938866693	0.978699625
0.951739504 0.970204287	1.01940109
1.062454017 1.039292451	0.978199936
0.824644693 0.802096351	0.972656901
1.01173736 0.998604418	0.987019416
1.000781326 1.020307642	1.019511071
0.949122164 0.961832239	1.0133914
0.953822514 0.9749064	1.022104622
0.950441491 0.943240053	0.99242306
0.963560913 0.988499731	1.025881932
0.957427048 0.944114053	0.98609503
1.005052553 0.993782459	0.988786562
0.917567206 0.922720861	1.005616651
0.986946608 0.982072015	0.995060935
0.953646199 0.960428485	1.007111953
0.92602267 0.932640141	1.007146122
0.932419664 1.04515301	1.120904085
0.999991146 0.978196478	0.97820514
0.749794741 0.718860632	0.958743231
0.94258326 0.935191608	0.992158091
0.923133966 0.907447809	0.983007714
0.849622365 0.834179676	0.981824055
0.941465886 0.92434706	0.98181684
0.900412955 0.929209312	1.031981278
0.925457937 0.965555701	1.043327483
0.855859851 0.883274785	1.032032037
0.976515547 0.96094884	0.984058926
0.999637049 0.950771027	0.951116235
1.009967487 1.004778642	0.994862365
0.966343266 0.993776284	1.028388482
0.855085077 0.877168639	1.025826158
0.958123179 0.936338374	0.977263044
0.947831321 0.945232821	0.997258479
1.463960002 1.458874762	0.99652638
0.988002517 0.983534968	0.995478201
1.024562404 1.077913626	1.052072204
0.95314003 0.996366219	1.045351352
0.929447073 0.884496431	0.951637222
1.000634259 1.002156907	1.001521683
0.981771549 0.952753359	0.970443033
0.938339848 0.897854814	0.956854615
1.341116433 1.33132074	0.992695867
0.942444833 0.904229814	0.959451187
0.826174813 0.865466381	1.047558419
0.990638944 1.013059178	1.022632094
1.003136021 1.006354591	1.003208508
0.967801648 0.969275519	1.001522906
0.95065038 0.953198737	1.002680646
0.90931063 0.896244352	0.985630566
0.969278859 0.964154745	0.994713479
0.933973638 0.928841652	0.994505214
0.972480279 0.954281318	0.981286036
1.033495738 1.021048715	0.987956387
0.944239365 0.942143323	0.997780179
0.965736209 0.990581736	1.025727033
0.906874751 0.901034203	0.993559697
0.882298041 0.873880183	0.990459167
0.933823737 0.907872094	0.97220927
0.89997485 0.898834514	0.998732925
0.841021907 0.897216883	1.066817494
1.021427022 0.990288388	0.969514578
0.981153865 0.964363982	0.982887615
0.957382339 0.957702954	1.000334887
0.888783591 0.945515458	1.063830912
0.893156756 0.972480251	1.088812512
0.93941142 0.950995959	1.0123317
0.799326117 0.876750416	1.096861966
0.97457316 0.971042166	0.996376882
0.937365159 0.94166181	1.004583753
0.940082788 0.924485111	0.983408189
0.861242168 0.834855284	0.969361829
0.979065917 0.978228614	0.999144795
0.957948047 0.95546801	0.997411094
0.942395239 0.889473037	0.943842881
0.859309915 0.880043942	1.024128696
0.969799765 0.978942561	1.009427509
0.839999256 0.898051471	1.069109841
0.974982356 0.966126989	0.990917409
0.855875577 0.869330533	1.015720691
0.922979801 0.935123688	1.013157261
1.006814812 0.971761288	0.965183742
0.961045854 0.966065719	1.005223335
0.921286797 0.915024948	0.993203149
1.037952925 1.010518836	0.973569043
0.965258395 0.960791768	0.99537261
0.947683385 0.944146898	0.996268283
1.224676933 1.200024338	0.979870124
0.96776005 0.966383409	0.998577498
0.999925894 1.007173727	1.00724837
0.924375381 1.048186546	1.133940354
0.813436121 0.875217111	1.075950635
0.960791785 0.959505479	0.998661202
0.985359716 0.971292034	0.985723303
0.889218614 0.873816217	0.982678728
0.923732893 0.954245165	1.033031488
0.942694487 1.013998095	1.075638087
0.907821968 0.913517378	1.006273708
0.99365229 1.022042985	1.028572062
0.95967544 0.94245139	0.982052213
0.988026692 0.995918164	1.007987104
0.902435181 0.882716565	0.978149549
0.892918002 0.909359464	1.018413183
0.957553244 0.955852017	0.99822336
0.921419328 0.882799463	0.958086548
0.971121677 0.965625204	0.994340078
0.973804515 0.976641254	1.002913049
0.950947182 0.957340562	1.00672317
1.01819043 1.015036061	0.996901985
0.904536963 0.896203589	0.990787138
1.002443213 0.996514821	0.994086058
0.940596348 0.946593667	1.006376082
0.965700551 0.977050535	1.011753109
0.890911996 0.971611663	1.090580964
1.054775303 1.028005521	0.974620394
0.945195638 0.933458916	0.987582759
0.974603431 0.977176065	1.002639673
0.972527254 0.977764427	1.005385118
0.970557653 0.975063837	1.004642881
0.911927551 0.889614137	0.975531593
1.006817459 1.062429047	1.055235025
0.916969485 0.902674908	0.984411066
0.968368892 0.976380248	1.008273041
1.193460184 1.086474265	0.910356525
0.959394054 0.93786175	0.97755635
0.884575885 0.86863891	0.981983485
1.152308095 1.15876886	1.005606803
0.938137852 0.973438795	1.037628738
0.930328917 0.958987826	1.030805136
0.936634072 0.919894441	0.982127886
0.859618741 0.83745672	0.974218779
0.700101571 0.701628357	1.002180805
0.956837202 0.956661088	0.999815941
0.964190882 0.955297777	0.990776614
0.951380278 0.95300691	1.001709761
0.982080889 0.970939516	0.988655341
0.947831839 0.967671547	1.020931675
0.938509775 0.935313599	0.996594414
0.952304225 0.952084536	0.999769308
0.962490397 0.948094936	0.985043528
0.845510606 0.894967339	1.058493333
0.928154908 0.910092786	0.980539755
0.945886672 0.960164178	1.015094308
0.962693563 0.952583826	0.989498488
1.086747965 1.0972376	1.009652316
0.9075383 0.905742054	0.998020749
0.964474855 0.944624133	0.979418103
0.911230694 0.896085325	0.983379216
0.919453419 0.896902567	0.975473633
1.067294417 1.06812641	1.000779535
0.980482212 1.000237456	1.020148498
0.962623505 0.952497152	0.989480463
0.951774609 0.991911767	1.042170864
0.906009089 0.954096973	1.053076603
0.967823857 0.902173717	0.932167263
0.949104502 0.9327746	0.982794411
0.883753278 0.945767221	1.070171104
1.300966905 1.312830158	1.009118797
0.972886675 0.993896938	1.021595797
0.978966126 0.986706716	1.007906903
0.908989556 0.911289095	1.002529775
0.94857571 0.947568536	0.998938225
0.960703346 0.995419817	1.036136515
0.944347143 0.905603198	0.958972772
0.945342814 0.953093145	1.008198434
0.842703983 0.833581502	0.98917475
0.835091006 0.828600217	0.992227448
0.921624336 0.951948217	1.032902647
1.028379674 1.236081242	1.201969733
0.987234346 0.982567785	0.995273097
0.93551537 0.928120641	0.992095556
0.779872306 0.771619527	0.989417781
1.08679655 1.067571781	0.982310608
0.905409343 0.906186344	1.000858176
0.964339583 0.950934874	0.986099597
0.822903142 0.787266028	0.956693428
0.938835114 0.938219049	0.999343798
0.989629019 0.992994006	1.003400251
0.957385079 0.915613943	0.956369556
0.951528063 0.947307422	0.995564355
1.017456445 1.033935756	1.016196576
0.93450869 0.929899927	0.995068249
0.936990687 0.941064673	1.004347948
1.040700375 1.110366182	1.066941273
0.86835354 1.01437952	1.168164201
0.949450553 0.840296777	0.885034796
0.987347871 0.98805416	1.00071534
0.874861218 0.887477097	1.014420435
0.771794566 0.90083955	1.167201208
0.945321118 0.876183604	0.926863461
0.910170209 0.902757342	0.991855516
1.028673454 1.098024811	1.067418243
0.933117111 0.927429297	0.993904501
0.964907071 0.98557729	1.021421979
0.945416253 0.933008388	0.986875764
0.939335443 0.918423035	0.977737017
0.961465349 0.952151214	0.990312563
0.941845011 0.940121571	0.998170145
0.935244785 0.941907754	1.007124305
0.980604064 0.977498571	0.996833082
0.969957967 0.977648025	1.007928239
0.998615855 1.000957034	1.002344423
0.866790176 0.865277109	0.998254402
0.760243593 0.77237292	1.015954527
0.971339934 0.937644538	0.965310397
0.948562103 0.966388664	1.018793246
0.927849072 0.915170126	0.98633512
0.948353698 0.987202239	1.040964191
0.941529788 0.922600497	0.979895175
0.943801962 0.927560537	0.98279149
0.977247028 0.99088902	1.013959615
0.977774604 0.963125494	0.985017906
0.907360778 0.910245215	1.00317893
0.930366395 0.925232822	0.994482203
0.924638114 0.956498994	1.034457676
1.122859525 1.050457411	0.935519882
0.931430716 0.923944766	0.991962956
0.905460939 0.906256509	1.000878635
0.977470424 1.023763233	1.047359806
0.981045088 1.042176582	1.062312624
1.079110819 1.083840444	1.004382891
0.961771266 0.960066664	0.998227643
0.936943391 0.929920922	0.992504917
0.969223103 0.958944088	0.989394584
0.942113369 0.918787316	0.975240715
0.950322222 0.968483694	1.019110856
0.97780877 0.974321876	0.996433972
0.973686663 0.964567268	0.990634159
0.850210275 0.882859485	1.038401335
0.894233141 0.875837577	0.979428671
1.032314672 1.010594365	0.978959607
0.966989112 0.971631101	1.004800456
0.938016648 0.923460709	0.984482216
0.937413974 0.954213628	1.017921275
0.98312655 0.951202872	0.967528415
0.957789171 0.960156731	1.002471902
0.97022426 0.973931983	1.003821511
0.952975285 0.953096941	1.00012766
0.820415567 0.833912875	1.016451794
0.95972749 0.952054155	0.992004673
0.941276913 0.986703738	1.048260851
0.947942975 0.946075939	0.998030434
0.892495918 0.905425505	1.014486998
0.967536853 0.987011219	1.020127777
0.942300133 0.964051301	1.023083057
0.9608817 0.945445946	0.983935844
0.934960699 0.984776887	1.053281585
1.191016013 1.17116163	0.983329877
1.025335789 1.016140669	0.991032089
0.958691191 0.993346806	1.036148882
0.847313309 0.822850044	0.971128432
0.962654932 0.969149325	1.006746335
0.97031884 0.950500265	0.979575193
1.014313957 0.982743133	0.968874702
0.934653739 0.961196244	1.028398223
0.940468128 0.936717959	0.996012444
0.980586138 0.975950505	0.99527259
0.846683109 0.808910491	0.955387538
0.964496006 0.975360823	1.011264761
0.907069688 0.890548097	0.981785753
0.91597289 0.894008541	0.976020744
0.856561367 0.829028533	0.967856555
0.944275408 0.898475962	0.951497787
0.854299974 0.886773172	1.03801147
0.98376017 0.987968817	1.004278123
0.945742606 0.922505672	0.97542996
1.036931848 1.171422967	1.129701021
0.739561338 0.752146116	1.017016544
0.965762658 0.961796881	0.995893632
0.892238758 0.844868217	0.946908223
0.936026698 0.93151813	0.995183291
0.947409755 0.950724925	1.003499194
0.973769599 0.981925392	1.008375486
0.974699545 0.983817413	1.009354542
0.948539093 0.928665335	0.979048034
0.97132922 0.956642156	0.984879417
1.051062154 1.064708933	1.012983799
0.935446078 0.961632141	1.02799313
0.977419922 0.992128071	1.015047933
1.02144092 0.959884701	0.939735899
0.881388561 0.833788317	0.945994031
0.990002826 1.002030299	1.012148927
0.879050923 0.852821677	0.970161858
0.896007196 0.881814511	0.984160076
0.880398448 0.945511308	1.073958399
1.004708717 0.986036244	0.981415038
0.906313697 0.937171376	1.03404746
0.932340081 0.920374814	0.987166414
0.96241481 0.98119639	1.019515058
1.008548192 0.9678115	0.959608582
0.925774904 0.910001786	0.982962253
0.926018742 0.931588319	1.006014541
0.97086342 1.001910303	1.031978631
0.958816593 1.031034653	1.075319994
0.927102962 0.924761276	0.997474189
0.982535874 0.989452938	1.007040012
0.963195475 0.931322464	0.966909094
0.99931531 1.030603778	1.031309906
1.089354506 1.167466691	1.071705019
0.906723299 0.958534691	1.057141348
0.923321931 0.918986357	0.995304375
0.985268979 0.989159067	1.00394825
1.00752066 1.022851742	1.015216643
0.967336398 0.94594539	0.977886692
0.936229459 0.940803224	1.004885304
0.89843567 0.889477729	0.990029402
0.765035401 0.790996447	1.033934439
0.915271167 0.895006303	0.977859169
1.027138283 1.035849319	1.00848088
0.980776128 0.966518416	0.985462827
1.042431447 1.096715208	1.052074178
0.933636106 0.941389342	1.008304345
0.993394401 0.947869035	0.954171912
0.905850391 0.862647804	0.952307149
1.079989988 1.275400088	1.180936955
0.959635587 0.951929118	0.99196938
0.934568941 0.926352721	0.991208546
0.915365165 0.90387168	0.987443825
0.961910301 0.978631024	1.01738283
1.055527508 1.08021867	1.023392249
0.909588312 0.966959251	1.063073523
0.921779985 0.93559506	1.014987388
0.904668451 0.871765931	0.9636303
0.936580444 0.935347374	0.998683435
0.939678541 0.962609199	1.024402662
0.894864362 0.991376336	1.107850952
0.896244736 0.901484569	1.005846432
0.980375352 0.970947367	0.99038329
0.912014497 0.902605094	0.989682836
1.098038633 1.102482456	1.004047055
0.929145504 0.918463098	0.988502978
0.973686193 0.960126543	0.986073901
0.978569042 0.939568084	0.960144909
0.904102262 0.922904414	1.020796488
0.954660955 0.94409454	0.988931762
0.963478062 0.968371142	1.005078559
0.91564124 0.92723566	1.012662624
0.932051947 0.944133523	1.012962342
0.939806382 0.933251806	0.993025611
0.976520795 0.96735696	0.990615832
1.041692258 0.877136844	0.842030684
0.886051997 0.860193759	0.970816343
1.023023764 1.033337023	1.010081153
0.931061757 0.968048976	1.039725849
0.961161309 0.914241165	0.951183903
0.979665261 1.01543287	1.036510031
0.961543528 0.897827725	0.933735914
0.941081103 0.925040356	0.982954979
0.984299402 1.018208294	1.034449774
0.976203026 0.946338939	0.969407914
0.996092127 1.071600425	1.075804532
0.985896163 1.034374943	1.049172299
0.956904969 0.997186236	1.042095369
0.974974244 1.003573131	1.029332966
0.971588363 1.001212294	1.030490208
2.075155339 2.494182455	1.201925663
0.972397662 0.959621042	0.986860705
0.947039076 0.944979558	0.997825308
0.950810609 0.961431622	1.011170482
1.102235709 1.170470651	1.061905944
0.941478032 0.938620403	0.996964742
0.950999247 0.957484598	1.006819512
0.945270111 0.853896463	0.903335939
0.961012735 0.933581135	0.97145553
0.948457941 0.944584284	0.995915836
0.942188384 0.968362572	1.027780207
0.842772258 0.855214047	1.014762931
0.93083159 0.916046106	0.984115834
0.999517374 0.996269554	0.996750612
0.925768319 0.881226921	0.9518871
1.205521442 1.229909332	1.020230158
0.793246491 0.744641904	0.938727006
0.87540086 0.870832113	0.994780966
0.959036215 1.011127058	1.054315825
0.820025392 0.887914985	1.082789624
0.884628686 0.859508075	0.971603215
0.909283839 0.982418408	1.080430957
0.939729869 1.112800492	1.18417061
1.235533434 1.217422978	0.985341994
0.888571844 0.901884373	1.01498194
0.96100677 0.964930564	1.004083003
0.964539704 0.965057617	1.000536953
0.964405272 0.994037575	1.030725986
1.014485285 1.043186826	1.028291727
0.842887409 0.830450681	0.98524509
0.96151919 0.929905735	0.967121347
0.938412733 0.931918653	0.993079719
0.941754734 0.947833308	1.006454519
0.959412599 0.972421596	1.013559335
0.966317768 0.983850064	1.018143407
0.96513597 0.962648395	0.997422566
0.989707054 1.039216682	1.050024528
0.955814317 0.988885748	1.034600267
0.953278043 0.945032458	0.991350284
0.889149693 0.891299734	1.002418086
0.904945312 0.933735147	1.031813895
0.977412867 0.972763752	0.995243448
0.889228345 0.895046831	1.006543298
0.961885903 0.949654612	0.987284052
0.907779368 0.959549585	1.057029515
0.977294832 0.959176117	0.981460339
0.917120579 0.900193081	0.981542778
0.992219079 0.987597633	0.995342314
0.832237202 0.764104599	0.918133192
0.938665081 0.966682334	1.029847976
0.97846904 0.994728421	1.016617165
1.000859135 1.005698726	1.004835437
0.911107176 0.944551669	1.036707529
0.919975647 0.902139947	0.980612857
0.991230051 0.993026862	1.001812708
0.956939697 0.953428007	0.996330292
0.947094064 0.972497447	1.026822451
0.958572488 0.960471938	1.00198154
0.928959201 0.928621646	0.999636631
0.935486299 0.917063626	0.980306849
0.992683224 1.042422345	1.050105733
0.956811697 0.98528662	1.029760216
1.034674563 0.984006867	0.951030306
0.899571465 0.962473749	1.069924722
0.95236669 0.972595796	1.021240879
1.231907733 1.224050444	0.993621853
0.741253834 0.728327844	0.982561993
0.964414485 0.954202353	0.989411055
0.943354204 0.955970711	1.013374093
0.932811293 0.918513182	0.984672022
0.984937919 0.98273508	0.997763475
0.98499784 0.994499565	1.009646442
0.952883822 0.986593298	1.035376271
0.888111803 0.907800982	1.022169707
0.923205992 0.891030666	0.965148271
0.876986029 0.874058717	0.996662077
0.915941722 0.916124946	1.000200039
0.900583141 0.890161484	0.988427879
0.936636508 0.929458468	0.992336365
0.9870963 0.990294339	1.003239845
0.974946311 0.963736971	0.988502608
0.872615281 0.862995837	0.988976306
0.92278578 0.911598585	0.987876715
0.975739032 0.991702974	1.016360873
1.142101594 1.138856993	0.997159096
0.968560628 0.96380474	0.995089737
0.942742162 0.930341077	0.98684573
1.000750823 1.024010753	1.023242479
1.088432841 1.167210708	1.072377334
0.986442955 0.998801732	1.012528628
1.008565885 1.069348657	1.060266535
0.949851976 0.96052338	1.011234808
0.983276325 0.990579148	1.00742703
0.955388447 0.957078223	1.00176868
0.841441485 0.90378263	1.074088509
0.921776964 0.921305495	0.999488522
0.912877254 0.903111197	0.989301895
0.936327295 0.917447079	0.97983588
0.948250915 0.949557577	1.001377971
1.0330985 1.031587803	0.998537703
0.95692293 0.959845614	1.003054253
0.96299551 0.941631805	0.977815364
0.991570827 1.04651667	1.055412928
0.929747028 0.927270683	0.99733654
0.984593489 0.989266126	1.004745752
0.979740313 0.996317578	1.01692006
1.017876394 0.990425863	0.973031567
1.02959885 1.176540314	1.142717199
0.956594275 0.919776107	0.961511198
0.891620519 0.862801464	0.967677892
0.933191646 0.941518597	1.008923088
0.988924808 0.992421127	1.003535475
0.979993326 0.909327342	0.927891362
0.900228695 0.903255515	1.003362279
0.913599686 0.931589431	1.019691059
0.933524373 0.921269164	0.986872106
0.90678482 0.914526499	1.008537504
0.959011733 0.972214838	1.013767407
0.983464625 0.997449562	1.014220071
0.975097182 0.927342278	0.951025492
0.918629197 0.904435442	0.984548983
0.938803708 0.950877447	1.01286077
0.95110876 0.949606528	0.998420547
0.886771166 0.864050078	0.974377732
0.97526327 0.981069037	1.005953025
0.945373086 0.945468539	1.000100969
0.940440824 0.916738298	0.974796366
1.04728554 1.045825193	0.998605588
0.844028265 0.858831837	1.01753919
1.021922621 1.051977599	1.029410229
0.953653007 0.936530703	0.982045562
0.937744934 0.971165316	1.035639097
0.843092377 0.798776414	0.947436409
0.958912551 0.969801209	1.011355215
0.865746535 0.843371509	0.974155223
0.908087805 0.913464854	1.005921287
0.906617757 0.915643592	1.009955502
0.972014886 0.965512032	0.993309924
0.929340084 0.912965466	0.982380381
1.424043431 1.445898689	1.015347325
1.000937848 1.037630771	1.036658543
0.922677753 0.90347678	0.979189947
0.957324426 0.947598164	0.989840161
0.92238003 0.835076298	0.905349499
0.942837036 0.923318277	0.979297844
0.925048018 0.933713537	1.009367642
0.94035513 0.932948827	0.99212393
0.979068701 1.06527561	1.088049908
0.850517929 0.87479693	1.028546137
0.969412808 0.965906968	0.996383542
0.94809137 0.952774248	1.004939269
0.938964712 0.922695925	0.982673697
0.980579239 0.977986897	0.997356316
0.958839212 0.970351204	1.012006175
0.973424019 1.056396968	1.085238239
0.928514132 0.90151135	0.970918286
0.93492617 0.925277423	0.989679669
0.938787313 0.922024796	0.982144499
0.970592895 0.982227894	1.011987518
0.88023555 0.891467234	1.012759862
0.825487452 0.829806652	1.005232303
0.979529592 0.956882931	0.976880065
0.964318423 0.96404052	0.999711814
1.032276197 1.089478527	1.055413784
0.996796447 1.07816156	1.081626608
0.748679149 0.744746956	0.994747826
0.925591057 0.913756371	0.987213916
1.014189837 0.990441044	0.976583483
0.981236312 0.973775393	0.992396409
0.92458039 0.981599558	1.06167032
0.84965037 0.813113168	0.956997368
0.929807002 0.898654009	0.966495205
0.955461718 0.988292106	1.034360757
0.9720718 0.977800701	1.005893495
0.942955668 0.924881322	0.980832242
0.912724053 0.907296648	0.994053619
0.949447394 0.958315742	1.009340536
0.885147475 0.881262741	0.995611202
1.066484392 1.138083174	1.067135331
0.931584697 0.926064017	0.994073882
0.858077731 0.859631986	1.001811322
1.047252504 1.024594587	0.978364418
0.908849737 0.912847042	1.004398202
0.931056626 0.973136354	1.04519567
0.969595219 0.933786634	0.963068522
0.754456202 0.722834471	0.958086724
0.955573865 0.980661474	1.026253971
0.94386479 0.938026488	0.993814472
1.039334039 0.981118828	0.943987969
0.961876144 0.982167254	1.021095345
0.891933537 0.875851373	0.981969325
0.942609252 0.92556499	0.981917998
0.907814667 0.902593057	0.994248153
0.888831288 0.938223051	1.055569334
0.917602023 0.891606789	0.97167047
0.978718752 0.964226109	0.98519223
0.973962444 0.97297946	0.998990737
0.928366407 0.915892233	0.986563307
1.030757959 1.032384561	1.001578064
0.983418231 0.986823874	1.003463067
0.995459143 0.98917075	0.993682922
0.975991022 0.974041114	0.998002126
0.901131859 0.885593844	0.982757224
0.961445165 0.95110321	0.989243323
0.949785248 0.951034999	1.001315825
0.952845191 0.952027418	0.999141757
0.890492851 0.899081801	1.009645164
0.877889355 0.849042021	0.967140126
0.932902615 0.920705765	0.986925913
0.931988954 0.931434442	0.999405023
0.942997809 0.970804098	1.029487119
0.999821433 1.004959759	1.005139244
0.923506316 0.891384349	0.965217382
0.939919588 0.915394027	0.973906746
0.946986548 0.949856339	1.003030445
0.981692862 1.090432995	1.110767978
0.855263875 0.85027506	0.994166929
0.924885549 0.925316737	1.000466206
0.914231371 0.905050058	0.989957342
0.885193854 0.986749416	1.114726916
0.985617281 0.953511359	0.967425569
0.979283714 0.963527069	0.983910031
0.899035767 0.876812864	0.975281402
0.947941698 0.985900908	1.040043824
0.938056277 0.926065501	0.987217424
1.051708517 1.145770318	1.089437139
0.974586739 0.974580678	0.999993781
0.988112975 0.998754226	1.010769266
0.944689472 0.934893214	0.989630182
0.966518329 0.94737625	0.98019481
0.939577204 0.894757492	0.952298
0.972571534 0.956588762	0.983566482
0.996627103 0.995907747	0.99927821
0.751366134 0.659314978	0.877488282
0.972842689 0.992773805	1.020487502
0.985742036 0.983918089	0.998149671
1.20500679 1.213062046	1.006684822
0.899152538 0.861855227	0.958519485
1.288010673 1.28269974	0.995876639
0.926797246 0.949435112	1.02442591
0.92160352 0.876677403	0.95125223
1.046650827 1.032686418	0.986658006
0.925059024 0.920965971	0.99557536
0.924739292 0.994704954	1.075659878
0.878082611 0.843592776	0.960721424
0.966855639 0.912372297	0.943648938
0.98132601 0.981674699	1.000355323
0.963446593 0.96139414	0.997869677
0.925752828 0.93987189	1.015251438
0.921695242 0.897381421	0.973620542
0.980838935 0.931038684	0.949226882
0.844612781 0.830192191	0.98292639
0.957371543 0.941375757	0.983291977
0.869553678 0.847099388	0.974177224
0.856866918 0.854045254	0.996706998
0.970048684 0.929800404	0.958509009
0.946549965 0.92515208	0.977393814
0.94094524 0.933415321	0.991997494
0.983009937 0.976233496	0.993106436
0.902639471 0.911049108	1.009316717
1.23008119 1.208391793	0.982367508
0.972588745 1.004971417	1.033295339
0.924986526 0.910769955	0.984630511
1.045132912 1.125055614	1.076471328
1.020414013 1.009641722	0.989443216
0.877375509 0.891454869	1.016047132
0.946540052 0.857716299	0.906159541
1.018154853 1.000101437	0.982268496
1.084500187 1.074500836	0.99077976
0.95524987 0.967266162	1.012579214
1.004075832 1.020000182	1.015859709
1.343308506 1.049011854	0.780916557
0.984105129 1.025297065	1.041857251
1.008781851 1.008764622	0.999982921
0.950286969 0.952021368	1.001825132
0.983055283 0.977626243	0.994477381
0.971118585 0.980392451	1.009549674
0.907335923 0.877778877	0.967424363
0.952219713 0.963376251	1.011716348
1.107270167 1.125283624	1.016268348
0.952771941 0.960725196	1.008347491
1.004019487 1.034713472	1.030571105
0.949587817 0.945059279	0.995231049
0.923544867 0.941981581	1.019962988
0.971875306 0.968371438	0.996394735
0.963215182 1.046320164	1.086278729
0.915443957 0.891412049	0.973748357
1.004853748 1.050502901	1.045428653
0.76969165 0.846586861	1.099903918
0.932230192 0.952259458	1.021485322
1.0102608 0.965558867	0.955752087
0.941652776 0.94271205	1.001124909
0.890029769 0.870527179	0.978087711
0.971724086 0.979242646	1.00773734
1.010618842 1.006771334	0.996192918
0.903722522 0.909799309	1.006724174
0.875266225 0.876444709	1.001346429
0.938033496 0.936698139	0.99857643
0.939883106 0.935779275	0.995633679
0.921765519 0.901319429	0.977818557
0.935601773 0.939734963	1.004417681
0.982029088 0.978372061	0.99627605
0.853767867 0.868812152	1.017621048
0.909608288 0.909589292	0.999979116
0.761806465 0.752886817	0.988291451
0.834511123 0.818466134	0.980773188
0.920427375 0.918882079	0.998321111
0.991946286 0.989988322	0.998026139
1.024266747 1.025876752	1.00157186
0.977008294 0.975655409	0.998615278
0.757082277 0.671597973	0.887087167
0.962360705 0.978412983	1.016680106
0.947515308 0.925605409	0.976876469
1.00153405 1.01881367	1.017253153
0.951796995 0.910599868	0.956716478
0.84765748 0.846735758	0.998912625
0.895199389 0.909779707	1.01628723
0.906599257 0.902570547	0.995556239
0.972496251 0.964464754	0.991741359
1.004524029 1.001929129	0.997416786
0.991310109 1.003114869	1.011908242
0.999267622 1.008351543	1.009090578
0.926655237 0.905239607	0.976889322
0.968382472 0.972365342	1.004112911
0.954407475 0.93741491	0.982195691
0.928493064 0.903337466	0.97290707
0.952002615 0.992886301	1.042944931
0.92369914 0.903123384	0.977724613
0.919899625 0.919298563	0.999346601
0.980047431 0.973889591	0.993716794
0.941981165 0.963430001	1.022769921
0.883136954 0.865073963	0.979546784
0.936026787 0.912327519	0.974680994
0.908517488 0.891190384	0.980928155
0.996739408 0.963850384	0.967003388
0.96249987 0.956395072	0.993657352
0.882418378 0.870249144	0.986209224
0.949461049 0.925096992	0.974339066
0.971890441 0.937083769	0.96418663
0.951091641 0.927158658	0.974836302
1.085804063 1.088303128	1.00230158
0.954589809 0.952350199	0.997653851
0.897854859 0.906309196	1.009416151
0.976804233 0.962088995	0.984935326
0.995038303 1.020776641	1.025866681
0.918147145 0.994059005	1.082679405
0.931138444 0.937830142	1.007186577
0.891881435 0.920068675	1.031604246
1.025039511 1.063600177	1.037618712
0.915527517 0.887460206	0.969343017
0.941678667 0.949356936	1.008153811
0.862808956 0.788897703	0.914336478
0.923798851 0.922273232	0.998348537
0.808150445 0.850967813	1.052981927
0.93101595 0.937210527	1.006653566
0.94532461 0.937490347	0.991712622
0.870608054 0.921360488	1.058295387
0.943350294 0.929403387	0.985215559
1.167349561 1.171810961	1.00382182
0.951323047 0.9487014	0.997244209
1.123864111 1.14421099	1.018104394
0.971695629 0.92995806	0.957046664
0.977357874 0.989562097	1.012486954
0.993674637 1.002067411	1.008446199
0.957575831 0.946628553	0.988567717
0.836711312 0.824755155	0.985710535
1.025129473 1.015789756	0.990889232
0.908578413 0.900939498	0.991592454
0.991075581 0.961170664	0.969825796
0.9731491 0.961612773	0.988145365
0.904611674 0.891960099	0.986014358
0.959978696 0.911174041	0.94916069
0.792068802 0.7878206	0.994636575
0.950431603 0.950216749	0.999773941
1.016518588 1.02158979	1.004988794
0.957729189 0.936443963	0.977775318
0.973203839 0.974149918	1.000972128
0.97709756 0.976382443	0.999268121
0.913136148 0.870562086	0.953375998
0.943183422 0.941916224	0.998656467
0.889763164 0.942239446	1.058977808
1.071053478 1.051264099	0.981523444
0.95468593 0.969321991	1.01533076
0.962476682 0.956365749	0.993650826
0.873684349 0.824323576	0.943502739
0.835074236 0.892773586	1.069094875
0.966072448 1.023621076	1.059569681
0.993558463 1.064888557	1.071792548
0.959487762 0.962893026	1.003549045
1.100193142 1.082365394	0.983795801
0.927393345 0.928911473	1.001636985
0.901727017 0.856535474	0.949883343
0.983998052 0.982219204	0.998192224
0.924837393 0.924539294	0.999677674
0.899215935 0.896300856	0.996758199
0.895531658 0.879594203	0.98220336
0.943966544 0.965834282	1.023165797
0.992529581 0.989795141	0.997244978
1.029991415 1.04228725	1.011937803
0.921633017 0.919197656	0.997357558
0.908881679 0.897899911	0.987917274
0.969069516 0.980263635	1.01155141
0.935590743 0.923494502	0.987071013
0.990787506 0.976395654	0.98547433
0.988788712 0.96767928	0.978651221
0.904649803 0.906533754	1.00208252
0.899295058 0.894094402	0.994216964
0.899138617 0.910421656	1.01254872
0.914610716 0.931018851	1.017940021
0.951797822 0.970308629	1.019448255
0.961091942 0.969607349	1.008860138
0.959353666 0.944604456	0.984625889
0.98320219 1.000023681	1.017108883
0.973361671 1.011135035	1.038807121
0.967253793 0.965262099	0.997940877
0.965745038 0.97217953	1.006662723
0.898135934 0.880320381	0.980163856
1.076349999 1.066885909	0.991207238
0.980817304 0.995157629	1.014620791
0.954611651 0.976412956	1.022837879
0.897486812 0.884459365	0.985484525
0.984135013 0.992450118	1.008449151
0.878179215 0.819997766	0.933747636
0.985631852 0.992183562	1.006647218
0.835516723 0.791256748	0.947026824
0.987175524 0.994733403	1.007656065
0.947881879 0.922528203	0.973252284
1.178940352 1.180340814	1.001187898
0.981420395 0.966551709	0.984849829
0.943770386 0.937391394	0.99324095
0.940407893 0.944992319	1.004874934
0.974059336 0.944223705	0.969369802
0.99279325 0.985717166	0.99287255
0.933115828 0.934722942	1.00172231
0.92826352 0.911704413	0.9821612
0.999513838 1.014583319	1.015076812
0.91808262 0.875998183	0.954160512
1.160420545 1.189741489	1.025267515
1.323775668 1.313743785	0.992421765
0.857395354 0.828332484	0.966103303
1.029521493 1.131513316	1.099067212
1.12832127 1.105258587	0.979560181
1.061439099 1.169311839	1.101628761
1.01980657 0.975994597	0.957038939
0.852227322 0.827074684	0.970485998
0.809970718 0.812125997	1.002660934
0.953710627 0.943536777	0.989332351
0.949919662 0.94295828	0.99267161
0.920885945 0.881379568	0.957099598
0.982068343 0.966397791	0.984043319
0.920887706 0.916423629	0.99515242
0.991362537 0.913332404	0.921290012
0.987364706 0.986987936	0.999618409
0.90153163 0.850901563	0.943839943
1.020743381 1.015858642	0.995214528
0.933493939 0.9000593	0.964183335
0.985586617 0.980317081	0.994653401
0.874585912 0.841871214	0.962594072
0.91166747 0.888415527	0.97449515
0.943376151 0.974101421	1.032569479
1.04785455 1.061853704	1.013359826
0.851335304 0.856779457	1.00639484
0.883879653 0.878694887	0.994134082
0.912171343 0.940598038	1.031163766
0.929149481 0.917432145	0.987389181
0.917985376 0.921530576	1.003861936
1.00848934 1.026021546	1.017384622
1.007017748 1.02747678	1.020316457
0.91931939 0.802482224	0.87290906
0.924369797 0.906535017	0.980706012
0.842416729 0.836873988	0.993420428
1.082492922 1.123765621	1.038127455
1.130226494 1.148113365	1.015825918
0.901674805 0.869819634	0.964671109
0.996254594 1.010530346	1.014329422
1.038673533 1.01658446	0.978733382
0.849024901 0.843987973	0.994067396
0.920408424 0.913754746	0.992770951
0.873906492 0.862816369	0.987309714
0.875819166 0.866005791	0.988795205
0.953086636 0.979733329	1.027958311
0.793204369 0.780337763	0.983778952
0.92185973 0.927947661	1.006603967
0.943590087 0.937029062	0.993046743
0.945796241 0.966971098	1.022388392
0.884611108 0.889153514	1.005134919
0.938913342 0.919117709	0.978916443
0.916401881 0.95310672	1.040053213
0.932692673 0.925120043	0.991880896
0.999424954 0.996257909	0.996831132
0.890115779 0.931723001	1.046743607
0.955982692 0.966992313	1.011516549
0.870317948 0.837279192	0.962038292
0.816157808 0.771867655	0.945733346
0.718209895 0.646956834	0.900790756
0.94138264 0.942693917	1.001392927
0.878667394 0.832168779	0.947080527
0.941452273 0.900426228	0.956422597
0.995464506 0.991479239	0.995996575
0.884721012 0.875485566	0.989561177
0.940587938 0.957544364	1.018027475
1.075256749 1.043487152	0.970453943
1.023993402 1.041147671	1.016752324
1.027367641 0.996057771	0.969524181
0.938522957 0.930762786	0.991731506
0.977529571 0.989995471	1.012752453
0.903782125 0.88070907	0.974470556
0.968366039 0.968684882	1.000329259
1.242986267 1.227454686	0.987504624
0.954073857 0.958189404	1.004313657
1.071335162 1.111325349	1.037327428
0.956151039 0.935486554	0.978387845
0.907285558 0.924062324	1.018491164
1.314306695 1.314668706	1.000275439
0.915073564 0.912008386	0.996650349
0.841941726 0.845840019	1.004630122
0.953251312 0.962218372	1.009406816
0.944652792 0.906597783	0.959715348
1.010287658 1.016348505	1.005999131
0.982072586 0.987486767	1.005513015
0.939788648 0.944127829	1.004617188
0.989725857 0.979950655	0.990123324
0.823926029 0.80979427	0.982848268
0.902607417 0.851593351	0.943481446
0.990581188 0.980314907	0.989636104
0.896838129 0.875094325	0.97575504
0.96113534 0.956903484	0.995597023
0.969140114 0.953553412	0.983916977
0.929138643 0.914611664	0.984365111
0.882653874 0.867694187	0.983051469
0.975603356 0.981291574	1.005830461
0.969446845 0.97691648	1.007705049
0.918861309 0.79738427	0.867796111
0.951032732 0.862160785	0.906552168
0.934266779 0.910610044	0.974678823
0.954989261 0.946946711	0.991578387
0.96096162 0.944359685	0.982723623
0.980561214 0.964866688	0.983994344
0.753113049 0.763408118	1.013670019
0.909603585 0.942140968	1.035770948
0.977954287 0.97801813	1.000065283
0.940994478 0.990596422	1.052712258
0.839476543 0.83854616	0.998891711
0.900939965 0.91262522	1.01297007
0.936257726 0.921710339	0.984462198
0.870566318 0.881390813	1.012433854
0.91594196 0.901818437	0.98458033
0.988487223 0.983031177	0.994480407
0.89722352 0.796985346	0.888279596
0.945057043 0.957650562	1.013325671
0.886262279 0.852038582	0.961384233
0.961427967 0.949081402	0.987158097
0.996551631 0.9447129	0.947981891
0.982084883 0.993967859	1.012099744
0.900321737 0.900248253	0.99991838
0.941071998 0.940173398	0.999045131
1.0173237 1.048360729	1.030508509
0.9681341 0.933132283	0.963846107
0.942526128 0.90565401	0.960879475
0.922586656 0.985296863	1.06797216
1.233098507 1.215238801	0.985516399
1.000408897 1.155571441	1.155099125
0.9397069 0.949399343	1.010314326
0.911407005 0.921744991	1.011342887
1.072289674 1.093241014	1.019538881
0.863172807 0.846394939	0.980562561
0.987486819 0.984270593	0.996743019
0.945620797 0.995227399	1.052459297
0.98776763 1.045941109	1.058893891
0.924357551 0.93592082	1.012509519
0.720876783 0.717903379	0.995875295
0.968868665 0.970011243	1.001179291
0.936369256 0.919695971	0.982193686
0.863878106 0.880172872	1.018862345
0.964508736 0.948079493	0.982966206
1.134810829 1.138984389	1.003677758
0.704763611 0.755186553	1.071545894
0.923875051 0.910964225	0.986025355
0.944267046 0.971876426	1.029238953
1.025268484 1.046940542	1.021137934
0.929373304 0.908738657	0.977797246
0.879553816 0.893922147	1.016335932
0.952069608 0.957676126	1.005888769
0.945068401 0.926953629	0.980832317
0.889885695 0.868999699	0.976529575
0.950783355 0.951294825	1.000537947
0.972106924 0.972205941	1.000101859
0.931929628 0.943113328	1.012000585
0.977312848 1.018481374	1.042124205
0.902305924 0.859846091	0.952942974
