1.185100067
0.962534893
1.227606171
0.882455634
1.002015619
1.1768083
0.974717604
0.533777238
0.919802209
1.182682392
1.124167095
0.963024852
1.284899444
0.92415305
0.978276376
1.123310826
1.120685355
1.112888938
1.136608668
0.881357623
1.15550793
0.961179209
0.908032923
0.922711027
1.024640798
0.980961246
0.997686626
0.935448532
1.083973747
1.008219426
1.031338465
1.087574211
1.007819496
0.936159928
1.217037435
0.851922809
0.989614153
0.989572318
0.979616441
0.970032318
0.87740657
1.002383526
1.120062889
0.984370589
0.996557236
1.009029629
0.905685888
1.078489614
0.92759719
1.092488319
0.969168713
0.960258808
1.096112024
0.929064078
0.95280687
1.150254831
1.036463639
0.990181
1.1568741
1.043871362
0.966162054
1.149587942
0.949472467
0.997451717
0.968493117
1.207898979
0.824130218
0.914011242
0.933793037
0.547035152
1.023845006
1.179260246
1.113295218
0.956055526
1.001587115
0.870094293
1.037851842
1.077134579
1.129251476
1.075340831
0.998233668
1.001541046
0.929719197
1.159180632
1.055180998
1.042487403
0.953672122
0.898595139
0.955548845
0.990705327
0.976361212
1.088101274
1.152310621
1.000548353
1.10133757
1.2426153
1.214797159
0.894096248
1.090918279
0.943889451
1.163525172
0.949606625
0.821532654
0.987972499
0.937635523
0.913722376
0.984059119
0.946361902
0.901835482
1.173128711
0.929062609
0.990176806
1.137162856
0.975052182
1.082394921
1.182369563
0.943154398
1.260198804
1.001190264
1.08315355
1.08914672
1.021646462
1.061495727
0.896539416
1.130564187
1.122212536
1.275830805
1.007606543
1.003903752
0.965704838
1.173901535
1.106243053
1.101789479
1.283199851
1.188981642
0.971165615
1.217319167
1.176241528
1.12675368
1.008849685
0.990979546
1.181329809
1.16070223
0.946330177
0.882548442
1.068099355
1.123340324
1.070866727
1.132786438
0.929083741
1.154593736
1.210825824
1.174893684
1.101903552
1.012236768
1.167345916
0.957380595
0.892979673
0.922508269
0.997901272
0.8874936
0.948642818
1.053876705
1.158664195
0.97041418
0.937147493
1.148625324
1.037202927
1.085957195
1.095631722
0.942780343
0.951893738
1.108146137
0.950578356
1.14630682
1.203684597
1.137620269
0.902812054
1.220211744
0.950867041
1.037803418
0.997044019
0.925848483
1.132830336
1.160620744
1.025187872
0.905231436
1.094027349
0.969807747
0.986838497
0.921302206
1.059432434
0.977535969
0.996859817
1.132001913
1.00925692
0.984069599
1.153113135
0.934731339
0.979977558
1.035383172
1.005117328
0.931619989
0.972141611
0.967106486
1.07546801
0.966308539
1.191280557
0.77482194
0.840333483
0.943137657
0.900361855
1.129743914
1.069015862
0.993386607
0.959907191
0.974002903
1.261515713
0.954820496
0.970841109
0.950841725
0.934559882
1.14571703
0.936166694
0.928971177
0.912985551
0.957157487
1.098378954
1.035365664
0.939256466
1.048106823
0.930556422
0.934256621
1.11101186
1.146589064
1.158776682
0.918505628
0.970994531
1.012773681
1.009705753
0.968829893
0.975219129
1.106058985
0.935698711
1.061892258
0.989166267
1.205280231
1.143328749
1.18574729
0.882094404
0.95658102
1.132292369
1.046230312
1.133486161
0.970463416
0.988262717
1.109343389
0.989719665
1.207814044
0.991505031
1.141173472
1.096084816
1.147226218
1.047349261
0.924683745
0.937567974
1.101771346
1.030981002
1.064539081
1.09739872
0.914677411
0.97475266
0.987360644
1.137876033
1.100355618
1.023637497
0.997206142
1.156029018
0.909503245
1.21264767
1.058802078
0.977025565
1.187927942
1.15522774
0.984869127
0.852900733
0.960691327
0.910890608
1.121079984
0.984712253
0.914743433
0.980639878
0.912333504
1.100794732
0.981886428
0.847056812
1.159420267
1.152381093
1.100701733
0.983338821
0.956379167
1.14925115
1.128502205
0.943849766
0.965780103
1.086944477
1.157590835
0.928373051
0.930570173
1.182168929
0.978950384
0.967242038
1.133040962
0.967527722
0.959859201
0.861088705
1.201974288
1.089349586
1.150579441
0.930209792
1.006817273
1.032806318
0.998561296
0.934343376
0.979562575
0.953046485
1.181937174
0.912577502
1.01601646
0.91023154
1.136877132
1.189948953
1.099651602
1.111384766
1.130070201
0.860399788
1.129794002
0.928182882
0.970460553
1.174150622
1.132936715
1.198709141
0.979568635
0.936793182
1.16884785
1.107721
1.128928786
1.168600825
1.09540907
0.957820571
0.961294132
1.156566921
0.975343647
1.098301629
1.113763443
0.957001305
0.926956421
0.942200812
0.950998992
0.726431716
1.162876432
1.164211014
1.171493586
1.107794217
0.92965745
1.27782669
0.986907438
1.003116127
0.942705396
1.103467667
1.190542738
1.015183075
1.054030966
1.080058285
1.170408972
0.992571668
1.149058126
1.126836755
1.11180726
1.010982811
1.087953231
0.557423399
1.104327561
1.294818531
1.108321679
0.602002924
0.912193526
0.988296683
1.131218444
0.949155989
0.944225124
0.995830815
1.158063254
0.953585381
0.971794527
1.071121492
0.990337152
1.005200842
1.140969924
1.090636137
1.072160239
0.988884993
0.927739724
0.999876919
1.144335458
0.905330879
0.973651257
1.160700342
0.94435438
1.232326337
1.265108787
0.869234874
0.945904992
1.109747379
1.206003248
0.921310807
0.939138535
0.974338265
0.893460877
0.860611295
1.135487922
1.0948
0.932687105
0.935632377
0.943999018
1.124285591
1.182127059
0.918767814
1.044169919
0.854567726
1.129155732
1.159681306
1.083306878
1.008234973
0.800791461
0.99232696
1.134144613
1.18629572
1.145602908
0.991032851
0.938079277
0.922179534
0.981835173
1.028656155
0.907826205
1.10692177
1.175106945
0.972275413
0.973382385
1.150651761
0.950813274
0.995017018
1.08014113
0.893365774
1.045858819
0.871012996
1.127011156
1.070042378
1.194603648
1.086486935
1.122969733
0.970745738
1.123990503
0.952216288
1.001098765
0.912212022
1.092480074
1.120637237
1.06092788
1.12362409
0.978157187
1.135571519
0.942882518
1.077365949
1.051195368
1.187178048
1.013035729
0.922603183
1.149940434
1.127463877
1.041533558
1.288893667
1.129457706
0.962677954
1.152210468
0.912775247
0.913574164
1.043042239
1.033274011
0.95083025
0.975916633
1.081750235
0.881438144
0.971172802
1.102613232
0.964367266
0.945277062
1.160749159
0.960659643
1.15437198
0.919919393
1.09724233
1.162171537
1.161003576
1.202062424
1.126543389
0.997638577
0.892137519
0.837681192
1.167013042
0.969370704
0.942851942
1.135792853
0.958047501
0.94137798
0.979246169
1.225483558
1.055837965
0.883982088
0.911243084
1.187055709
0.905732657
0.929214882
1.162162662
1.167245236
1.037703562
1.136482405
1.119857625
1.087999489
1.120817101
0.940706017
1.032403007
1.104170035
0.907799543
1.001820537
0.995797851
0.943257562
1.046786167
1.138999448
1.053038485
0.965802929
1.00912478
0.957109941
0.967485799
1.002608967
1.102520235
0.818956023
0.941247828
1.087473527
1.107233432
1.107612937
0.924582728
0.955078863
0.937865824
0.941668345
0.906001966
0.982658598
1.025127215
0.969678987
0.966588144
0.972595094
0.932346721
0.921583017
0.894337662
1.148682315
0.926709994
0.974817232
0.964292152
0.871947983
1.115581698
1.020566672
0.91370154
1.04472705
1.114605996
1.138692247
1.055964386
0.983083121
1.180814104
1.122274405
1.160887948
0.9109108
0.889510279
0.985187817
0.944990425
1.11547107
0.969915956
0.96874111
1.053171655
1.162209692
0.938450802
0.900523288
1.127909881
0.942173807
1.223675478
0.968228047
0.917932863
1.080062656
0.892027866
1.15094102
0.927497419
0.966657444
0.960954915
1.040720409
1.147818975
0.874431764
0.981593617
0.942143704
1.164246111
1.054071478
0.985986226
1.07913052
1.163969334
0.903457981
0.993812702
0.911260472
1.070538657
0.942352486
0.919081239
1.152605129
1.063514055
1.13851268
0.975355483
0.957738917
1.09778469
1.150349366
1.145309209
1.124359293
0.925226442
0.994044961
1.115736376
0.940525998
0.935035444
1.022385034
1.205111999
0.885809713
1.120559121
0.963293803
1.180557586
0.951136319
0.973768762
1.218125565
1.188170682
0.999126618
1.167915721
1.141016137
0.891968662
1.095062105
1.080110671
1.091433816
1.095290716
0.985841097
1.130374654
0.94191327
1.094515384
1.132492058
0.928018963
0.975443874
1.206157611
1.076862825
0.981287671
1.101372198
1.238940888
0.938091863
0.95764022
0.954522769
1.095528401
0.939838808
0.995635963
0.956973416
1.192627468
0.973229499
1.079987675
1.119503155
1.199115733
1.532065689
1.093341179
1.150287738
1.16382751
1.072160583
1.134444715
1.053760239
1.014577379
1.100237711
0.828426147
0.95546096
0.907928965
1.129869102
0.948481502
0.995696934
1.034452647
1.148401816
1.11616493
0.970202077
0.958733987
0.963110687
1.15061531
0.93442228
1.073390162
1.102238312
1.035569757
0.973726956
1.149241686
0.949195848
0.982244088
1.172207662
1.126660121
1.13754033
1.095036233
1.052935463
1.031499757
0.935297763
0.946287313
1.139634697
0.964239302
1.079756599
1.056380137
0.990389157
0.88200226
1.062240325
1.129056859
0.942918359
0.954095233
0.998921643
0.892191252
1.077669872
0.964737522
1.095684723
0.980970459
0.878127133
0.970246089
0.982257314
0.993355634
1.164399463
1.034267309
0.95095096
1.130400332
1.15229305
0.870952608
0.9222386
0.922833838
0.962427442
1.105147813
0.952320998
1.105103785
1.053181531
0.95117806
1.006183012
0.916881446
0.968903216
0.920275496
1.194830298
0.975533198
1.145635299
0.900717099
1.061144532
1.14276323
1.174069294
0.504885431
1.1645226
0.92558242
0.632024714
0.953361289
1.182810005
1.016809081
0.944436928
0.942298069
0.980282716
0.9306154
1.095875576
0.929557767
1.0484873
1.112963668
0.954053051
1.1151049
0.968364798
0.915056066
1.000233639
0.985704066
1.089042713
0.985406433
1.222553643
0.922110834
1.088523962
1.141025194
1.191772676
0.995495182
0.957825946
0.950382631
0.975110557
1.032379389
1.080347029
1.179866925
1.058105766
1.13753429
0.958535123
1.161228497
1.005628107
1.246773338
0.90521401
0.925639816
1.030021397
0.981783611
1.0135818
0.946290073
0.974264849
1.137962965
1.163732104
0.957009295
1.132303866
0.976661154
0.915940507
1.136922626
0.954628883
0.910545153
0.922110762
1.081267312
0.887538732
1.141091301
0.968774149
1.143405562
1.082551705
1.062606274
1.102289623
1.157119101
0.990734235
1.18295958
0.946777913
0.994074544
0.983605012
0.908451603
1.124135854
1.139039125
0.973827816
1.121660603
1.181058932
1.112897504
0.871142626
0.915620266
0.974613847
0.888034449
0.886038974
1.142161076
0.939748178
1.213989548
1.043587748
1.241667152
0.994527663
1.099018912
0.910845373
0.971338955
1.110055013
1.18747279
1.117912242
1.010769117
0.962149322
1.064053035
0.92969164
0.950805362
0.863767836
0.955678017
0.960959858
1.088745957
1.15239379
1.035139144
0.977940198
1.011884548
0.899000301
1.173857588
1.109107012
1.078834698
1.049531617
1.158324103
1.108160642
1.14019754
1.189204573
1.002994175
1.052344403
1.036927189
0.924937529
0.992538129
0.898625435
1.049609146
1.113735154
1.009803296
0.918647405
1.15269007
1.172868267
0.917327238
1.151169368
1.10228406
0.940697834
1.077402539
0.961038217
0.94839373
1.05632877
1.048282009
1.045611827
0.950523558
1.098248857
0.953730129
1.130146305
0.964614092
0.98856904
0.927708101
0.888898548
1.133573373
0.962275702
1.104317315
0.91456724
1.055302853
1.023233031
1.144040059
0.94163797
1.142889199
0.892285827
1.116155206
0.944642818
0.934738686
1.102135559
1.135111954
1.075114614
0.903686907
1.150732079
1.084780735
1.212333006
0.948337064
0.929833115
0.975640391
0.920614443
1.144117403
0.976813825
1.148557836
0.981176869
1.043765441
0.988238465
1.005405029
0.963807865
0.874301444
1.143901043
0.915197624
1.139402894
0.873027786
1.190209086
0.965165535
1.136049295
0.953339509
0.954496506
0.995023185
1.211375505
1.014479961
0.970132222
1.195272208
1.122130711
0.902720632
0.937303683
0.926283815
0.923358158
1.014217955
1.058715932
1.230680808
0.847546279
0.987879292
0.968496162
1.117815817
1.195765801
1.013958721
1.121027301
1.028865964
0.958521251
0.960364489
1.203614473
1.102871092
1.114596195
0.954266614
1.126749112
1.084152615
0.99664504
0.86757382
0.951846835
0.945496041
0.99305469
0.957497897
0.988625753
1.150152426
0.888260939
0.938355746
1.212328163
1.025385179
1.128854283
0.91664928
0.921352037
1.149245289
0.967221183
1.130147856
1.112350408
0.963458727
1.213916477
1.120847598
1.112598422
1.014081604