0.927857081451
0.806650423011
0.900741159162
0.886831940264
0.976079294958
0.987940056494
0.889322040822
0.853059892569
1.0
0.935064935065
0.981301181081
0.956309165062
0.934929926282
1.0
0.862558490232
0.929255204991
0.92841937948
1.0
1.0
0.952210578544
0.990365497442
0.908488873504
0.973606317339
0.95309044305
1.0
0.897378106913
0.839228860951
0.962965289483
0.930653029441
0.968857488768
0.917469537849
0.973736534715
0.856664530981
0.928054820289
1.0
1.0
0.786234460919
0.956983309479
0.891062578473
0.804158156067
0.875272364947
0.902346534638
0.985669824548
0.814628037975
0.843668884374
0.984048032506
0.949459259041
0.909364610778
1.0
0.942459288683
0.889068360471
0.942088510236
0.880271617584
0.903841997258
0.793298177237
0.874458713378
0.826739600764
0.852403964132
0.978947368421
0.843528974442
0.959169635819
0.918649495602
0.837402343319
0.849386581495
0.807011656486
0.878449116049
0.889895801771
0.914928666364
0.833397278936
0.952663667869
0.806679016965
0.942749400653
0.952089730498
0.755445905568
0.922365508959
0.866996160422
0.877766166796
0.97493393486
0.889948112959
0.938718098868
0.799628883251
0.88151982449
0.936056137843
0.942527369298
0.940681510092
0.940121658424
0.810522938237
0.974403338344
0.97599867642
0.957851867473
0.8556336257
0.970238095238
0.871568644924
0.946384488712
0.942275019663
0.9165618034
0.911873784094
0.824714053983
0.9969330553
0.918799676372
0.945701357466
0.866012888025
0.889008027722
0.874178653461
0.721662417225
0.887499534383
0.874454732425
0.876263588372
0.898481778056
0.949408133206
0.800114449591
0.795300285624
0.928160351236
0.748536845888
0.928302706407
0.957214361786
0.868235117378
0.98431372549
0.942363673602
0.951612903226
0.964912280702
0.853565292923
0.797931006712
1.0
0.896950267082
0.964608236017
0.95158312089
0.92787619338
0.922862964826
0.823610527991
0.926100238585
0.843480468525
0.910878649656
0.943396226415
1.0
0.939707856416
0.939153859627
0.881829913745
0.882848634341
0.901597067299
0.905676116786
0.969608602453
0.972252956815
0.950336874158
0.987058809784
0.909937863556
0.949920546541
0.986100412633
0.937819470537
0.897468113318
0.9758356875
0.923414209561
0.906673965698
0.986285545649
0.910290179831
0.977492489396
0.743033728916
1.0
0.883544133143
0.756733965097
0.903776827222
1.0
0.968311156058
1.0
0.821142697004
0.925221925876
0.964171742492
0.913211842111
0.980331988326
0.97011132794
0.947795275907
0.904879055787
0.974696087111
0.833584981236
0.869629161995
1.0
0.98744691857
0.90851996896
1.0
0.862875368572
0.860426459184
0.827415121195
0.79792101722
0.866616213671
0.876482532367
0.896909578383
0.955209779976
0.894035473816
0.958290578859
0.913762592443
0.974465793883
0.861107631052
0.90604113627
0.96243199901
0.917151363251
0.91181414397
0.901907117523
0.975755099836
0.914051391427
0.771854189521
0.895514894619
0.964076207374
0.889556525206
0.738441935578
0.849907176121
0.916893470745
0.846518621669
0.969226942686
0.881592499455
1.0
0.932405471093
0.916325299487
0.963731172123
0.824601246984
0.881307807297
0.91566130295
0.967607454424
0.936374864401
0.81411025153
0.98511724308
0.788275948674
0.980371001127
0.901293320674
0.92569502626
0.966586737485
0.96086672263
0.859305751846
0.974725502473
0.962440042798
0.942518823514
0.896910652017
0.955910511544
0.932461723339
0.95628459886
0.945411751264
0.919811863772
0.984128337617
0.955909105382
0.945303054472
0.883068301125
0.835577807191
0.802753852804
0.884413725993
0.991506177775
0.99846693644
0.798365165955
0.961939737447
0.983669363203
0.904408236972
0.967885895205
0.765824425233
0.864821224608
0.921419660167
0.864088926129
0.96632332382
0.947802882466
0.99291026098
0.730750849824
0.961544686727
0.865940621798
0.828436965804
0.901643056447
0.892557119622
0.89763497549
0.91526567059
1.0
0.971695285023
0.943141378613
0.872841646751
0.96035936104
0.911166047222
0.793406766737
0.789580837588
0.997219551598
0.985975898597
0.940851138211
0.931817451804
0.929417873024
1.0
0.827824740086
0.914444829516
0.908117451859
0.896940943579
0.951667532902
0.824891660304
0.925732618141
0.841196006948
0.840727629895
0.941150250264
0.764068993253
0.869986485562
0.892682367408
0.869253781691
0.987101717498
0.91753389925
0.88846610538
0.88160053147
0.811408634004
0.913355541865
0.779121565067
0.875355932842
0.94472546718
0.817260161184
0.872442237499
1.0
0.939203920736
0.981288329227
0.889105459241
0.963217705996
0.881649762191
0.89202238551
0.948737541093
0.996904024768
0.857325960443
0.785784110567
0.843557479357
0.941293586599
0.988344305184
0.894256540088
0.970976760983
0.971499125542
0.913459921049
0.782486201348
0.906267661971
0.784782531606
0.925214597253
0.960806505748
0.925252454589
0.888948044276
0.912979139052
0.884437602
0.910930709016
0.913812508603
0.969602211822
0.921189057743
0.89134126366
0.966968900769
0.844786004115
0.850226683546
0.940091423248
0.946421342031
0.934633973551
0.808878293551
0.903175710197
0.992954450963
0.981281290841
0.892246738812
1.0
0.887960758045
0.743069340483
0.877284379911
0.953986287951
0.850965567272
0.949871335662
0.965697878266
0.862484950876
0.962518645163
0.734660959873
0.831791382814
0.877774919404
0.997206703911
0.944704876379
0.880930409085
0.920006740303
0.936702488135
1.0
0.863897740772
0.755941195456
0.906368021347
0.848090875336
0.958927667419
0.855854209528
0.80894340028
0.945461248169
0.865748571236
0.76162218891
0.94682931054
0.892730741875
0.955612273249
0.904140536882
0.892530591137
0.812164217857
0.875745247656
0.949706288334
0.924544627108
0.809457166644
0.867780632323
0.828348126481
0.906116140155
0.968039252688
0.88295604989
0.799004467938
0.852684068389
1.0
0.991341991342
0.929926109948
0.79408110707
0.882395418498
0.970914915776
0.899264196393
0.976467423287
0.932005628903
0.801239362998
0.93111460865
1.0
1.0
0.956705493546
0.946467177205
0.921210631479
0.99047664463
0.726345263965
0.98720725964
0.807618769134
0.88159517174
0.96484519291
0.961736973563
0.899698381495
0.818965683107
0.989626214749
0.960379228428
0.955102119303
0.913518601683
0.966863949546
0.879991321295
0.923684709674
0.916666666667
0.90854744716
0.901798303733
0.985534028219
0.9264864326
0.912212223275
0.929139534674
0.90681429327
0.915332169284
0.929608837301
0.755868157814
0.977777777778
0.995027780889
0.958424001323
0.924827183734
0.845333293094
0.948023281589
0.759817949799
0.831366102417
0.927178911995
0.910703282025
0.97164215761
0.826377120011
0.801304075674
1.0
0.909468903769
0.94690226838
0.851592622397
0.908921789849
0.945154123713
0.943912264063
0.968774306407
0.97619047619
0.931365224455
0.958644741297
0.933496708957
1.0
0.923611805194
0.842710045889
0.908584909732
0.855764273118
0.962463060803
0.912889960317
0.911360635997
0.974216791139
0.931375796155
0.898714134683
0.885896310628
0.734420268191
0.851278400325
1.0
1.0
0.990097964256
0.957945167899
0.991268270114
0.945089207719
0.959169546622
0.896421561598
0.721257950321
0.933643724685
0.991841907336
0.764859491293
0.982062780269
0.893299236686
0.957812245158
0.882546082652
0.964592139037
0.944880485346
0.913060261038
0.914030684694
0.954545454545
0.892462245962
0.924566899834
0.854846578332
0.967728460634
1.0
0.922861905511
1.0
0.940693827861
0.980432811795
0.962703134285
0.81350531606
0.856245670296
0.942516111449
0.898985353981
0.946250895658
0.976515768125
0.915484602027
0.904592879409
0.962956850613
0.861844395388
1.0
0.956841978929
0.910456116298
0.790588844712
0.952778099453
0.980672991026
0.906985127002
0.957381027598
0.96817419308
0.946227206619
0.895947543102
0.993824297731
0.955768709826
0.99123657027
0.963767795178
0.933977172265
0.909829429237
0.932843706542
0.898966154735
0.979166666667
0.899939279211
0.845972631163
0.906181395781
0.996706169577
0.925395575076
0.939219563551
0.740348954603
0.826907000353
0.90507520894
0.933182052494
0.868050909892
0.926605652179
0.957586773737
0.983516483516
0.67070367517
0.817488956854
0.861351794472
0.785488445179
0.823197164741
0.951380963896
0.952274171089
0.920210296991
0.857422181769
0.840971092149
0.865310146927
0.926041666399
0.941539350451
0.924242006104
0.949108715349
0.918244679645
0.81688501729
0.817379810494
0.908966103704
0.898932603654
0.806538256263
0.942423382505
0.929489920171
0.907989575134
0.964511820235
0.986790744607
0.9001520877
0.864647367567
0.918493145685
0.942831227275
0.923126914984
0.931822065135
0.911969098155
0.923949721373
0.877474636886
0.880050638809
0.878730393043
0.923072613962
0.955994259325
0.928877267907
0.951394897785
0.942044556359
0.918316913683
0.909458216721
0.801530473264
0.911795648823
0.931977360025
0.890637147173
0.963295462635
0.916206976128
0.734341386735
0.969980772104
0.866792828353
1.0
0.878285797005
0.775137132842
0.890653425173
0.951376685744
0.911786696569
0.786748304444
0.857940176922
0.914511963142
0.84416731056
0.768551584573
0.948686536382
0.91128318439
0.994761945094
0.988573702021
0.935729115212
0.92011807281
0.905097856552
0.985775623037
0.822738462474
0.913750095026
0.940984208916
0.963871405125
0.938619324531
1.0
0.984500193404
0.948330681518
1.0
0.916867586763
1.0
0.959308064227
0.992870030114
0.987012987013
0.919365890842
0.990398857071
0.880005297675
0.884641832158
0.907982395365
0.976194768976
0.93853718132
1.0
0.900841504733
0.939039095363
0.948736596397
0.980850724178
0.970383063758
0.996363636364
0.910859308085
0.91340983653
0.813085892198
0.852164715079
0.957749224799
0.825503339531
0.928702878472
0.982673146303
0.853135558818
0.849793517591
1.0
0.948739406359
1.0
0.914723029441
0.809737040272
0.904273738635
0.876785871521
0.738435433138
0.968308532596
0.960734065983
0.94946202367
0.93548244144
0.876075473308
0.883516130635
0.804450183792
0.869647162986
0.98036660453
0.987936717269
0.942161811806
0.920106330526
0.812057562786
0.939353131708
0.863802197139
0.994775773948
0.791406269527
0.89663273931
0.904351228055
0.864364029654
0.838706832003
0.978285055881
0.981722132686
0.981424187758
0.920586788116
0.866403834758
0.89660286911
0.977781414991
0.873327332659
0.970797978894
0.949240072362
1.0
0.753241362052
0.949742976337
0.845964049217
0.842251858739
0.887139372144
0.911241362455
0.974248927039
0.981445663101
0.82356344912
0.825815221211
0.858484588913
0.916290763764
0.962783500412
0.843317401664
0.93713624442
0.940218865381
0.88841816586
0.98230077861
0.848680539513
0.876484507528
0.885900418655
0.921531022706
0.872061329001
0.889258678774
0.996742923536
0.904032829305
0.89895843624
0.94876884696
0.841291053571
0.847493915226
0.820839382493
0.834689824511
0.955672699175
0.943822755427
0.953675951931
0.913350331359
0.90367190863
0.915815351847
0.946880784925
0.822859018131
0.859937315215
0.954314880816
0.836700835119
0.949402558772
0.923820968044
0.851119059435
0.760246522955
0.864583691582
0.88753824785
0.995723681046
0.943726199927
0.853659067215
0.945592394595
0.956127299824
0.864762544264
0.932695190881
0.996261648917
0.855273881455
0.907527859884
0.850369138368
0.711294949182
0.90506649428
0.956286549444
0.975992739712
0.878110538641
0.97033234904
0.820061132527
0.877968868583
0.926279540029
0.961477303551
0.962944582234
0.991452991453
0.869747938368
0.894009908718
0.905152785869
0.861993822684
0.836364982932
0.727294759175
0.968171406862
0.808515100299
0.783002151595
0.929891788376
0.920705559339
0.976445202644
0.905021965179
0.81407656798
0.975207630588
0.974347923067
0.831163876592
0.824488701723
0.948377820179
0.99730458221
0.86576207182
0.822048798697
0.986337508976
1.0
0.921871585292
0.895667961022
0.929160292936
0.8318787819
0.95244139098
0.762848416455
0.91527327334
0.789395493593
0.860473389522
0.974809721499
0.839173855683
0.976202174624
0.959808923883
0.823070229395
0.869192363408
0.891422086658
0.857397344972
0.900682293541
0.881609179811
0.938369238923
0.88921440799
0.965863390549
0.903102883744
0.949441235603
0.957908332088
0.865814392557
0.915685267021
0.925710476636
0.91573262478
0.911992106525
0.791966701541
0.717917037274
0.757012122586
0.886180670952
0.865530923298
0.951924834273
0.930521524871
0.984148335659
0.946967710851
0.97072792705
0.843083016565
0.97420500198
0.911926632925
0.862300356022
0.933177447271
0.899929161282
0.920012308641
0.942347826642
0.89570749066
0.969743119923
0.875147382047
0.84187907501
0.929943023174
0.846823894295
0.991902834008
0.959517936739
0.916520418612
0.88216331944
0.770393822297
0.942523554728
0.92914186918
1.0
0.892741508012
0.911580972208
0.916564878227
0.925046975768
0.946633897086
0.971174379904
0.921249488998
0.678233655954
0.884280780139
0.955867584144
0.91334409694
0.892429358157
0.949649445146
1.0
1.0
0.951519370326
0.975943496263
0.999039378216
0.924634019356
0.857114413257
0.924215953701
0.835285155239
0.780167761039
0.970760233918
0.95210734341
0.89768322856
0.933363777816
0.865721481301
0.956676203064
0.934649458857
0.905501921689
0.924913569482
0.870510776252
0.944048784882
0.728936950812
0.744463614474
0.979967806805
0.823800209504
0.979617770111
0.862053863868
0.906670529743
0.841522302359
0.942629995841
0.911413626909
0.898193065822
0.902520906814
1.0
0.989247311828
0.830907373405
0.907990512262
1.0
0.97913439815
0.868869502443
0.989788560143
0.79700776001
0.878322738546
0.904365095843
0.935708996229
0.913040491043
0.86502840508
0.899061751748
0.873863212702
0.934050977486
0.951858955559
0.926851987387
1.0
0.826684794126
0.85834219567
0.902784185674
0.804054372844
0.984898273415
0.990953841678
0.943150333757
0.993442622951
0.976763262908
0.922837294715
0.931265669614
0.936616194162
0.849542301777
0.964202338456
0.954315724394
0.903212977055
0.87566072298
0.868732536119
0.971130946098
0.827477530173
0.965030271464
0.931188819021
0.917672856338
0.896109056303
0.996441281139
0.946924901557
0.946168704492
0.887257157921
0.967425800095
0.870737732227
0.876067677858
0.847686744886
0.944567447238
0.962524514566
0.961413152536
0.886715875562
0.987830415428
0.924557921691
0.821948552429
0.930549758801
0.94229656407
0.960606060606
0.952074371098
0.940320283866
0.889063857295
0.932507388989
0.955310206568
0.954850979075
0.887336764946
0.788563734431
0.992379188693
0.982954545455
0.876269510589
0.889818705423
0.901756167513
0.811216710688
0.869713657308
0.919244581951
0.9702347689
0.810417376949
0.984243876724
0.849342705006
0.887690775747
0.815950833641
0.884621400849
0.781668185064
0.909718225916
0.893500958602
0.899022900877
0.922085224305
0.88716202789
0.865127368856
0.96125338809
0.855501136048
0.910086420129
0.838660284405
