1.190298016
0.969621549
1.238563153
0.890235127
1.002120015
1.178777467
0.97550059
0.541687932
0.917546647
1.214979134
1.132828615
0.966707667
1.299589661
0.928113784
0.979404098
1.126570436
1.121960936
1.121786581
1.149027601
0.885714888
1.174373766
0.962931662
0.912374305
0.933229329
1.024990503
0.981006157
0.998422713
0.937184198
1.091477783
1.011033248
1.033167575
1.093508098
1.007341333
0.935949453
1.233769525
0.857825293
0.990982834
0.995407177
0.981620138
0.9718885
0.884525986
1.002579504
1.145238955
0.990533685
0.998385022
1.01006395
0.907758971
1.082136791
0.941373106
1.104727775
0.973362789
0.963882475
1.100172058
0.929627594
0.956907746
1.157622103
1.039208044
0.994304922
1.162985157
1.04548475
0.974093106
1.158598576
0.952502541
0.997763053
0.971775793
1.215615146
0.830846244
0.917296676
0.937068426
0.559184551
1.024198061
1.197017463
1.119274592
0.956115199
1.001600704
0.87851106
1.040012375
1.080526136
1.133254851
1.084258373
0.998423086
1.002042116
0.942298772
1.169260633
1.059590622
1.049465469
0.9613348
0.903395401
0.957914284
0.992188846
0.978421495
1.096647563
1.161356826
1.003332126
1.100663417
1.245198134
1.226526902
0.903354726
1.091076866
0.942641941
1.173281036
0.953787632
0.827255922
0.990297287
0.942479116
0.917730546
0.985325867
0.948303425
0.903588418
1.175649411
0.938917736
0.993145315
1.160288721
0.981237846
1.093840494
1.191411468
0.946467677
1.271447003
1.001230854
1.113219827
1.094238009
1.022951374
1.069915146
0.903902378
1.139325423
1.126071903
1.282386162
1.009824343
1.00538369
0.97410316
1.186933625
1.111753269
1.108880482
1.293129689
1.200019832
0.966165714
1.21543643
1.193556854
1.127458817
1.009121041
0.997295354
1.186990633
1.166207088
0.940224616
0.888433236
1.071359103
1.126951263
1.073021771
1.136646314
0.931728152
1.162612203
1.235656111
1.179469235
1.114178154
1.014568131
1.177013308
0.963440768
0.900163444
0.937551718
1.011498616
0.888337113
0.947257242
1.061609212
1.179545063
0.971414396
0.96772433
1.149725202
1.041807193
1.093682312
1.100329575
0.948610767
0.956586235
1.11477248
0.956126476
1.155372608
1.213213713
1.143019544
0.903919565
1.261252291
0.959087891
1.038533319
0.99947162
0.91989602
1.132021855
1.166296249
1.024873498
0.913070684
1.100858905
0.975141798
0.992164996
0.9178253
1.062771354
0.973557555
0.994362794
1.139045298
1.01020514
0.991973244
1.147838412
0.941677321
0.983365937
1.038881008
1.007611187
0.939724225
0.974299982
0.969138224
1.091023612
0.977754136
1.206430272
0.788450551
0.852331016
0.946982977
0.906913618
1.136233423
1.074759968
0.993560052
0.96352886
0.975091602
1.291117526
0.960271232
0.973687073
0.95381514
0.934891288
1.149066577
0.938450235
0.945536312
0.92256237
0.961940355
1.103502525
1.040065581
0.941562808
1.054959153
0.93535392
0.937481128
1.11410864
1.151868227
1.168788401
0.927970513
0.98341369
1.01463822
1.012172832
0.965452037
0.976684884
1.114751011
0.937429391
1.072515501
0.992285763
1.227854666
1.150833836
1.212229556
0.888628702
0.961195207
1.138401126
1.0470551
1.140371543
0.972138642
0.994244051
1.119882361
0.993245871
1.220626173
0.992278696
1.147771083
1.099369215
1.163391313
1.05270797
0.931407289
0.938753626
1.113615347
1.032714025
1.069391563
1.105653092
0.919110684
0.978245142
0.991309695
1.146417477
1.109574616
1.024874871
1.000586979
1.159232297
0.918908162
1.231254867
1.063781667
0.979509794
1.193103291
1.159781154
0.984828949
0.864303589
0.961861533
0.91869272
1.125141263
0.989080042
0.92286499
0.986906797
0.920300608
1.106472751
0.984173279
0.849993926
1.166329189
1.158817802
1.10587976
0.985962762
0.960956825
1.156261556
1.1338053
0.945784727
0.969140447
1.099659705
1.164087296
0.946535865
0.928809154
1.192741705
0.978608182
0.973898924
1.136604363
0.970013119
0.964075349
0.863589014
1.212082479
1.08997999
1.155762599
0.933024182
1.007266025
1.034804503
0.998576369
0.936699708
0.984490362
0.955588809
1.18947793
0.91755656
1.017285974
0.916890294
1.143773084
1.195382168
1.10722485
1.119257399
1.136253206
0.863951028
1.136229871
0.936443738
0.973415432
1.17729682
1.141451524
1.205045191
0.982316698
0.939369701
1.171769792
1.116945592
1.132440162
1.178921036
1.103783823
0.959228122
0.96504719
1.163668039
0.977148546
1.113020566
1.116207015
0.961804557
0.927376952
0.945733548
0.954912856
0.739520799
1.174566122
1.173743206
1.182820017
1.111415535
0.927630192
1.281708674
0.993711243
1.003469178
0.95247675
1.10721493
1.201390038
1.018972013
1.06901227
1.081274313
1.173861825
0.993766361
1.157447972
1.131399105
1.112428972
1.012154963
1.092143085
0.576910875
1.113524786
1.305874799
1.11511576
0.62117674
0.916799813
0.992515175
1.137085163
0.953160564
0.946397633
0.995826667
1.160478734
0.956922147
0.985275137
1.086166074
0.991899867
1.005559609
1.152200866
1.096551143
1.074255236
0.988930406
0.935661673
1.001954575
1.15855954
0.906814169
0.977679838
1.165962886
0.94257103
1.241377231
1.291142908
0.883821081
0.95166675
1.116195602
1.235636133
0.926939061
0.93894771
0.97507713
0.899269511
0.860797062
1.139961454
1.097430398
0.939838726
0.939617839
0.944641896
1.120821986
1.190032207
0.92682057
1.050509301
0.856023771
1.138903783
1.162878709
1.091260846
1.008887771
0.804279153
0.99301059
1.139359435
1.197135789
1.151673619
0.992669861
0.941845332
0.924025057
0.984206624
1.029987798
0.911814991
1.115599349
1.187738805
0.974198999
0.983709734
1.166292241
0.960160228
0.999143664
1.087661809
0.887704053
1.048470263
0.876288777
1.13122992
1.077578635
1.200077699
1.086191453
1.133501355
0.976888595
1.128002092
0.95749556
1.009998569
0.919043512
1.09078132
1.12241359
1.063159052
1.132631069
0.983498826
1.142607497
0.943966577
1.073109715
1.048849189
1.204919293
1.013779126
0.92332219
1.159040965
1.134598684
1.042750295
1.305344406
1.138393707
0.96429053
1.159557727
0.911835451
0.913992352
1.047313109
1.037442464
0.961292903
0.980189912
1.082935809
0.891869555
0.970503518
1.110315597
0.966195841
0.950406447
1.178544279
0.962932286
1.168622526
0.928963538
1.101078155
1.181859024
1.166663619
1.208844078
1.131082258
0.997942227
0.911819216
0.847346655
1.171046922
0.974558539
0.937623229
1.146655837
0.963677648
0.948894466
0.982661685
1.241053853
1.06169274
0.889726488
0.915044915
1.192538871
0.90654276
0.9316681
1.158430298
1.174474392
1.039646061
1.145822578
1.131950403
1.093331363
1.130829566
0.95674814
1.034083868
1.108127092
0.909021149
1.002668939
0.998346174
0.94551631
1.050404224
1.146924032
1.062061024
0.968562424
1.012746688
0.958755322
0.968724954
1.002737727
1.109921539
0.823934542
0.942237866
1.095502449
1.10779479
1.118921326
0.927204382
0.959114849
0.940761956
0.94300693
0.907412483
0.985312039
1.024611788
0.970502964
0.968372029
0.973309886
0.933519996
0.920979213
0.899213901
1.158052988
0.928925786
0.976152793
0.96523601
0.88619663
1.123560663
1.023941424
0.925179678
1.054684828
1.116471145
1.148504807
1.063197523
0.984980377
1.188465096
1.135284704
1.202343954
0.925550551
0.897561277
0.989216646
0.951408745
1.11965081
0.972116888
0.970158845
1.05666154
1.16808941
0.943228945
0.901551658
1.146521492
0.945733958
1.229659049
0.968623814
0.917309345
1.089180272
0.894775616
1.152546401
0.9303027
0.968365939
0.963195739
1.042547392
1.158808754
0.874743263
0.983496574
0.941150738
1.176142573
1.061213319
0.987054973
1.085065421
1.157044882
0.899762085
0.99352248
0.912087123
1.072113264
0.944358243
0.921896969
1.161841731
1.065439244
1.143556057
0.97559905
0.958445945
1.10446296
1.158299468
1.152541627
1.127016668
0.927627635
0.994929199
1.116659563
0.9434887
0.935224228
1.022436908
1.206624731
0.886669314
1.12752595
0.964644264
1.187295387
0.95944312
0.975556676
1.228740436
1.198242332
1.000751381
1.175230299
1.143592163
0.904080073
1.100493836
1.08667185
1.103059499
1.100240163
0.984607673
1.130466
0.942477044
1.101473659
1.144005875
0.932536876
0.982299173
1.231815072
1.079414291
0.983640034
1.116453329
1.246865443
0.94009234
0.964307378
0.955772272
1.101249501
0.946357305
0.9957944
0.958423137
1.206444921
0.977631129
1.08448905
1.129599299
1.203537263
1.576430762
1.122827797
1.159167968
1.176752186
1.078079345
1.147290927
1.053582514
1.019096777
1.106183454
0.837798218
0.959187831
0.910345577
1.139720823
0.957537098
0.996263714
1.038477933
1.152698787
1.129453625
0.969939387
0.956982435
0.968829046
1.156700957
0.935670333
1.07505645
1.108856346
1.040179093
0.974470874
1.155161234
0.951255655
0.982742043
1.190698448
1.137628442
1.162423291
1.099481229
1.06981491
1.034261632
0.940214663
0.945094377
1.15154874
0.971696232
1.083667647
1.064801267
0.991060334
0.890822758
1.066249919
1.127204227
0.944714848
0.960328449
0.997012609
0.87497968
1.087369123
0.970465155
1.09840898
1.002659019
0.87254849
0.968265403
0.984197051
0.992319655
1.175906643
1.034966183
0.951177173
1.149862192
1.16071292
0.882990686
0.929385555
0.928646791
0.964652503
1.110761647
0.954444837
1.112597125
1.057557297
0.945375238
1.008056133
0.917809512
0.971263752
0.925282587
1.209055019
0.976700257
1.153200948
0.903622825
1.064112613
1.157791052
1.195263635
0.516414871
1.169828922
0.932542713
0.636568016
0.957911659
1.195270959
1.018824479
0.946831414
0.939257205
0.987486113
0.93413489
1.09948308
0.946158279
1.049331775
1.123586385
0.955400203
1.120876561
0.970733246
0.913607632
1.00031364
0.987544386
1.09665891
0.987560214
1.229941324
0.926318593
1.091661675
1.143325718
1.203175973
0.995669371
0.969504051
0.955306508
0.977078514
1.034013439
1.089022541
1.186605143
1.061692831
1.142933939
0.966377352
1.188221755
1.006219591
1.258834878
0.912212123
0.929772346
1.034998895
0.985746063
1.017158911
0.947113135
0.973480878
1.146603658
1.167649937
0.952340351
1.135925448
0.980400315
0.916652559
1.144778357
0.958291015
0.911850989
0.93471932
1.07879796
0.885723639
1.140178797
0.96880874
1.149273069
1.087399295
1.071122542
1.107358713
1.168847038
0.988619439
1.198674859
0.951808483
0.9941059
0.984938898
0.904978345
1.126703367
1.151569961
0.980228923
1.129309837
1.19250547
1.124174788
0.869598304
0.917135119
0.979069226
0.895631885
0.891781463
1.153816975
0.950515754
1.219923246
1.046679169
1.251336718
0.997234357
1.100388382
0.91499952
0.974891978
1.122426837
1.19620687
1.131997995
1.011127946
0.964101582
1.064884893
0.931497108
0.95603186
0.873347196
0.960311579
0.965144667
1.093710833
1.170549349
1.03757119
0.985025375
1.013203676
0.900890835
1.199839543
1.114474209
1.085170186
1.05004822
1.157837587
1.123165073
1.152285005
1.202389874
1.003181243
1.05573385
1.039356491
0.928450975
1.009104722
0.902338081
1.05171671
1.119724703
1.010324023
0.924298325
1.162398991
1.183991713
0.930069215
1.1580892
1.107481951
0.94081485
1.089006452
0.965309129
0.949832793
1.05509148
1.045772608
1.054566682
0.955318799
1.104224991
0.958182837
1.135770452
0.967016735
0.986957457
0.932477824
0.899591851
1.138466932
0.975392358
1.099126853
0.914563325
1.0685174
1.026519145
1.136845422
0.943736025
1.154956268
0.900559558
1.123044161
0.948601991
0.937652002
1.109789513
1.139463586
1.080483934
0.913872966
1.172936162
1.094555267
1.207338557
0.95396611
0.928057291
0.976928582
0.92303153
1.147864266
0.976857555
1.160610395
0.983859497
1.048338908
0.992716755
1.005654039
0.964945451
0.876154535
1.15182615
0.921681377
1.145672203
0.882438764
1.19354034
0.972663899
1.15261342
0.959126318
0.961780252
0.995176037
1.227292847
1.017090123
0.973358416
1.204083868
1.124985854
0.908438826
0.944830346
0.927508329
0.927320153
1.018759131
1.060760097
1.247847935
0.864304361
0.995253175
0.970492146
1.1195592
1.202539656
1.016623825
1.127911146
1.032883415
0.962012147
0.952255204
1.217969438
1.11157098
1.118457337
0.955725445
1.131541934
1.092558865
0.996566848
0.874263125
0.952854122
0.948118232
0.992521072
0.962838658
0.989412199
1.142352121
0.87203954
0.938626494
1.235382649
1.029915516
1.133910513
0.920995972
0.924139259
1.15609243
0.965660941
1.13285854
1.11412215
0.966471614
1.217756054
1.128121688
1.120392609
1.020849531