1.206862919
0.974959105
1.237754859
0.933441811
1.002087201
1.162104916
0.984459214
0.58835319
0.930381521
1.22682175
1.131025136
0.974682915
1.265170234
0.96211312
0.986776726
1.138824435
1.12402523
1.125344892
1.168170429
0.892581342
1.195434476
0.972990285
0.931137752
0.954282479
1.022224859
1.001613783
0.998823505
0.960898676
1.080154063
1.018163754
1.037686401
1.097310339
1.014332212
0.949066273
1.210367352
0.863399355
0.994148172
0.997611854
0.996606755
0.982866923
0.872958772
1.002521544
1.150210747
0.990970978
1.006095878
1.008841041
0.930084902
1.082422157
0.966558891
1.13102165
0.982665928
0.97692263
1.081701126
0.942076001
0.963460693
1.145323646
1.059552682
1.010051056
1.148765096
1.040155451
0.998879664
1.162390262
0.962028274
0.9986344
0.97591601
1.213644033
0.846317497
0.930577686
0.948558998
0.605372666
1.010935304
1.181835688
1.115075179
0.95854705
1.001676362
0.907398205
1.038916304
1.088228305
1.127462634
1.075792005
0.999054348
1.00221833
0.951803342
1.142366397
1.045483081
1.037987404
0.959806991
0.913207492
0.964036622
1.004415199
0.979779526
1.091231785
1.163981349
0.99872028
1.107753575
1.236154867
1.228357488
0.899494066
1.066720023
0.946863603
1.162112744
0.978668983
0.8703112
1.017856287
0.946692855
0.918611172
0.993478846
0.952526256
0.926996438
1.160589018
0.962593123
0.996997874
1.139043363
1.009035814
1.093093354
1.206168771
0.977569286
1.278374807
1.001091451
1.092240502
1.091009916
1.022980406
1.047411181
0.921147602
1.123316354
1.165616387
1.261004951
1.008105396
1.024025769
0.981614027
1.183058521
1.110931619
1.107747626
1.321995441
1.225468681
0.995069832
1.17089655
1.181511877
1.102527425
1.008640024
0.994319996
1.201702345
1.169319835
0.982258276
0.910277537
1.072237626
1.128296536
1.107921495
1.13813226
0.953006066
1.152631165
1.212358343
1.189082447
1.117059568
1.010338726
1.191064794
0.971332228
0.926801397
0.93174594
0.982997673
0.936659115
0.948492833
1.045870338
1.193472631
0.97776008
0.963655613
1.106686496
1.054258467
1.062718349
1.105418987
0.951591653
0.964370041
1.133419048
0.967887181
1.158478819
1.29350879
1.152239975
0.921293394
1.251612195
0.964145211
1.049100474
0.994430659
0.932813086
1.114042575
1.18974991
1.024813556
0.962634902
1.095899782
0.990371351
1.002263436
0.940239307
1.060915425
0.978274298
1.028434212
1.14516664
1.009935734
0.989956609
1.218715794
0.953203951
0.985446182
1.036289551
1.006675233
0.953488537
0.984135093
0.971817047
1.067392903
0.99059274
1.204464453
0.830802726
0.856860836
0.93720027
0.920500928
1.116329319
1.070670646
0.9958349
0.976141112
0.992082195
1.258702339
0.963127497
0.963485189
0.958951171
0.943799322
1.151355937
0.945194945
0.993323193
0.947708118
0.959025178
1.085436034
1.041228061
0.942678207
1.048914638
0.946581339
0.964372129
1.13481736
1.155288657
1.164361783
0.943127762
0.990997855
1.016019799
1.011119622
0.983446346
0.984159525
1.066422745
0.934229558
1.040440868
0.994189388
1.244801448
1.143598884
1.174728672
0.905716779
0.967653576
1.134836056
1.052023694
1.15478629
1.00219274
0.994499455
1.104674171
0.989367408
1.18283352
0.996344899
1.143694863
1.076989394
1.144469788
1.047366219
0.937289717
0.939684039
1.125354811
1.032619903
1.068075573
1.106605572
0.926483515
0.979685864
0.997360462
1.139376648
1.105169312
1.024891834
1.010955969
1.165217528
0.910101327
1.248147639
1.06691192
0.989125498
1.170991829
1.165662444
0.987463632
0.882674125
0.969772757
0.940118456
1.117129351
0.985651132
0.933322361
0.995178324
0.928324063
1.10405195
0.999675346
0.862215451
1.163770824
1.129601665
1.108971162
0.987204096
0.959917397
1.153139187
1.128951019
0.955790006
0.976305368
1.12044433
1.146360597
0.942678453
0.922728571
1.235436638
0.998417342
0.982068443
1.11200688
0.987096781
0.968284665
0.865180418
1.209413469
1.082127219
1.158606177
0.94160214
1.015306135
1.037266662
0.998796471
0.953925509
0.991572484
0.970916377
1.185006065
0.936669248
1.016004755
0.946721414
1.122789514
1.219158491
1.107161362
1.123488707
1.131256675
0.876422977
1.130760139
0.935474083
0.980318224
1.205290737
1.139852391
1.219418468
0.979760614
0.957762572
1.172337394
1.112723897
1.136997807
1.190297133
1.091232221
0.964767299
0.976054253
1.169538161
0.980992571
1.104587554
1.123050662
0.962967839
0.92446236
0.941347935
0.966623561
0.803806463
1.171331451
1.162533615
1.189760349
1.100646303
0.953622665
1.233793139
1.005653833
1.004744639
0.958323939
1.110221376
1.200753142
1.032769982
1.064652274
1.074601996
1.192591677
0.99797975
1.150157351
1.132525913
1.129032573
1.011635248
1.102118348
0.664596981
1.101078317
1.189817543
1.11369294
0.703997602
0.933241853
1.011711812
1.141996358
0.951174737
0.946032945
0.998155586
1.142234482
0.966321942
0.964124861
1.098481436
1.00661162
1.005737173
1.139152936
1.099499604
1.060769457
0.992074983
0.945293552
1.018352603
1.20061428
0.949422142
0.985223022
1.136614537
0.948549819
1.239363443
1.304100503
0.910304814
0.95495493
1.117761177
1.190723975
0.945498146
0.9626142
0.979439913
0.912732222
0.90439832
1.141613864
1.088794696
0.927020675
0.953967111
0.958460012
1.141008661
1.183989479
0.934879337
1.052329917
0.855933338
1.128294638
1.154917988
1.090234858
1.009438933
0.818487439
0.990859254
1.139415549
1.207245953
1.153973376
0.989796423
0.948037432
0.928729702
0.990072457
1.029180063
0.935146764
1.115024622
1.19863753
0.97820694
0.979504957
1.166209863
0.961001071
1.002674067
1.088784276
0.891540298
1.044192865
0.883794034
1.131891491
1.074986862
1.225682493
1.090449844
1.152921648
0.997610325
1.12102184
0.967417724
1.007114468
0.933134899
1.124292705
1.116445317
1.056053859
1.139994985
0.99108908
1.135506089
0.948592691
1.070545328
1.054066275
1.198632912
1.015342866
0.949579166
1.161063422
1.134601998
1.043321773
1.264524688
1.099566795
0.967243028
1.157813328
0.920544415
0.913734974
1.05375312
1.036809552
0.974975048
0.988960351
1.083394849
0.900034076
0.99282844
1.12563812
0.982775648
0.964416719
1.141310633
0.975750935
1.146290999
0.952657712
1.119046128
1.188574513
1.140461676
1.215529134
1.138986713
0.998168677
0.898486926
0.877831327
1.150725679
0.981068503
0.94585304
1.144656014
0.972640148
0.965015117
0.997567376
1.235554666
1.069782601
0.904992316
0.929955787
1.184283403
0.91892524
0.941296746
1.170879134
1.179669413
1.041105255
1.127472931
1.113179255
1.10944982
1.129909173
0.956679639
1.033390197
1.113954238
0.923986529
1.007697244
1.010225099
0.962838828
1.050350743
1.138409717
1.062203361
0.972977983
1.013162138
0.95216279
0.976343582
1.002663008
1.103774949
0.880287163
0.946554814
1.083535326
1.107676486
1.132297405
0.943019789
0.96322278
0.946350792
0.954173995
0.89561169
0.992922275
1.024617877
0.976430797
0.978119655
0.969021874
0.939182118
0.930923035
0.923924835
1.157631634
0.95179076
0.98467668
0.958096727
0.913011609
1.127519923
1.036549421
0.901727567
1.052888069
1.117869093
1.156157382
1.050920217
0.981464096
1.157999076
1.164463365
1.17052326
0.927042225
0.906285986
0.983284997
0.965069992
1.119819009
0.963915869
0.988119671
1.061845864
1.183432443
0.941875264
0.919002114
1.122687705
0.966151243
1.286390269
0.975681543
0.936048892
1.082243892
0.900746333
1.161211109
0.938487086
0.967964782
0.969012579
1.055057133
1.148125924
0.891873208
0.988748623
0.955549316
1.171817535
1.07411317
0.993451304
1.080344861
1.152772381
0.895894449
0.997128233
0.882415235
1.068985157
0.96775691
0.936453072
1.156566629
1.061006577
1.142578713
0.984818788
0.968198575
1.0940465
1.149117539
1.138466961
1.130439742
0.931202838
0.996205594
1.154456723
0.986010048
0.946204787
1.032264811
1.20778024
0.908378005
1.156348559
0.96910243
1.185146571
0.974292997
0.979857399
1.133911756
1.2302735
1.008059784
1.184564887
1.144959378
0.913757944
1.088439185
1.101300968
1.088452075
1.09704615
0.997466244
1.115740161
0.960295532
1.088332403
1.137287942
0.961907371
0.991473412
1.187553692
1.076691926
1.005188397
1.102097971
1.255097434
0.978110964
0.971020242
0.965434197
1.090598981
0.952480303
0.995522571
0.978876237
1.183061221
0.984303206
1.09453198
1.108934012
1.199872766
1.540238515
1.111206146
1.173196851
1.176098574
1.07842377
1.159708534
1.060238544
1.009705731
1.104255512
0.862955503
0.966647245
0.962601211
1.131850269
0.966018369
1.000695521
1.042992523
1.184216127
1.132054281
0.984956186
0.975346906
0.96693509
1.155368912
0.947788397
1.075121611
1.100784692
1.043197045
0.979458157
1.150449994
0.955610492
0.997482558
1.149695454
1.143753137
1.165560831
1.100095216
1.05971502
1.04113547
0.951333104
0.944743623
1.15540837
0.970479772
1.069574005
1.052748444
0.991187612
0.920846149
1.065329916
1.121671588
0.958304648
0.970890054
1.016840033
0.92296473
1.075822291
0.992299962
1.100820964
1.002201741
0.901218088
0.998373322
0.980960522
0.998209453
1.15580509
1.03456343
0.962125612
1.10948915
1.177776981
0.905730826
0.943480775
0.937565788
0.967011475
1.116762084
0.955530717
1.117078376
1.056354162
0.995273049
1.002899726
0.938939245
0.975228276
0.940688166
1.242282523
0.994553095
1.165898676
0.921195827
1.070719548
1.14328589
1.187815525
0.606237961
1.176711287
0.945671266
0.691330091
0.972343076
1.18478648
1.016316636
0.957911502
0.946675916
1.013526281
0.945073248
1.07635554
0.930609006
1.052807851
1.135414783
0.969534866
1.116878155
0.97022692
0.925427051
0.999350447
0.992072635
1.098556559
0.98127814
1.198372708
0.933024756
1.095149008
1.158130318
1.21053421
0.996364004
0.970460075
0.984124822
0.971140448
1.032792278
1.079354249
1.165495213
1.069457521
1.129961256
0.973306204
1.164245284
1.005731559
1.215359953
0.919679754
0.940712229
1.042450777
0.996021682
1.026451089
0.952443289
0.997728268
1.139602631
1.175659839
0.95821553
1.14293457
0.984667918
0.919974347
1.14426618
0.964261722
0.929463996
0.922122656
1.082831109
0.900187578
1.133312258
0.979106631
1.140476418
1.107582668
1.083306978
1.111534896
1.170947987
1.01054011
1.169762202
0.957597169
0.994754467
0.987728084
0.920180262
1.117401316
1.146410995
0.974584364
1.121151545
1.196020472
1.125978058
0.87480688
0.923349139
0.983275295
0.894378522
0.898160582
1.146949978
0.9431916
1.217015738
1.043945238
1.254210674
1.0262953
1.096085258
0.940988974
0.977459832
1.107592861
1.215342068
1.121375469
1.011717653
0.970054732
1.05541864
0.959240926
0.96863559
0.848913582
0.967568544
0.968756633
1.082058629
1.182871047
1.033379247
0.980816207
1.013907813
0.905240998
1.181050094
1.117653241
1.086456153
1.059608014
1.204278915
1.144627311
1.150465156
1.172370214
1.003403767
1.057651328
1.032865955
0.979381751
1.009679999
0.881560996
1.06119124
1.115603141
1.010520323
0.916835419
1.15266176
1.151283344
0.937120472
1.150801868
1.111642832
0.958648449
1.077484659
0.970282028
0.951266252
1.049279731
1.053578582
1.050670949
0.967293076
1.111142198
0.964322609
1.130865125
0.974873522
0.99359772
0.946003914
0.918758471
1.153650661
0.975656062
1.116822604
0.956324273
1.06048339
1.028170908
1.156958119
0.943393199
1.121157184
0.904323241
1.127448826
0.948831666
0.96312173
1.108126811
1.135644247
1.087606265
0.907861896
1.132437834
1.087851917
1.178125337
0.961010179
0.936240328
0.984786329
0.92515704
1.163373978
0.978206324
1.1687478
0.974507213
1.05105956
1.000619099
1.006689764
0.9927542
0.905924358
1.137909417
0.907754616
1.149783139
0.893495719
1.166573515
0.965712637
1.131603584
0.976952886
0.965347945
0.996343627
1.19003542
1.019071536
0.995590182
1.193069569
1.125771018
0.905826418
0.959345247
0.932106268
0.9363123
1.046202118
1.061391796
1.255553136
0.856817655
0.987352188
0.975928054
1.115047512
1.208592885
1.017223006
1.124652368
1.027393789
0.957269504
0.932050919
1.181958401
1.09197471
1.115999855
0.960081272
1.125206238
1.087553116
0.996527198
0.868496591
0.970801837
0.961548239
1.0024089
0.998447346
0.992811748
1.157006092
0.913532238
0.940072317
1.202472261
1.021409537
1.141642901
0.931297118
0.945130834
1.147598072
0.976125785
1.147980336
1.137149988
0.97437858
1.221424111
1.127853833
1.110397013
1.01200724