0.696394686907
0.522193211488
0.725563909774
0.618867924528
0.792372881356
0.742990654206
0.709677419355
0.638059701493
0.662222222222
0.811518324607
0.823529411765
0.679012345679
0.793103448276
0.719457013575
0.669565217391
0.734615384615
0.811926605505
0.748554913295
0.779735682819
0.57805907173
0.767676767677
0.631578947368
0.702564102564
0.64367816092
0.760383386581
0.668421052632
0.616122840691
0.682795698925
0.731748726655
0.768817204301
0.712062256809
0.758333333333
0.630136986301
0.655813953488
0.789189189189
0.701657458564
0.565625
0.659751037344
0.649214659686
0.54754601227
0.553672316384
0.688836104513
0.745519713262
0.666666666667
0.630136986301
0.78431372549
0.681818181818
0.68087431694
0.69696969697
0.780487804878
0.670886075949
0.603723404255
0.740384615385
0.68
0.631299734748
0.783582089552
0.591054313099
0.546875
0.755980861244
0.8046875
0.688622754491
0.75
0.53919239905
0.64
0.519387755102
0.75641025641
0.659292035398
0.64953271028
0.53115727003
0.617021276596
0.572347266881
0.739285714286
0.724264705882
0.583756345178
0.768079800499
0.600451467269
0.704587155963
0.791208791209
0.711899791232
0.731075697211
0.684523809524
0.636286201022
0.660465116279
0.744680851064
0.79203539823
0.725378787879
0.649635036496
0.691756272401
0.540145985401
0.678947368421
0.686440677966
0.731182795699
0.716589861751
0.733333333333
0.701171875
0.791821561338
0.824786324786
0.612334801762
0.790476190476
0.699029126214
0.736842105263
0.701357466063
0.694581280788
0.730088495575
0.47245017585
0.621890547264
0.651428571429
0.635944700461
0.578125
0.7261663286
0.544117647059
0.466876971609
0.774869109948
0.437209302326
0.755639097744
0.756329113924
0.505235602094
0.764492753623
0.756666666667
0.775229357798
0.764119601329
0.616696061141
0.770114942529
0.639004149378
0.764864864865
0.761363636364
0.749077490775
0.746411483254
0.573033707865
0.664948453608
0.691680261011
0.633114949375
0.734864300626
0.825503355705
0.775362318841
0.61
0.733333333333
0.771739130435
0.754285714286
0.814371257485
0.719387755102
0.792682926829
0.754285714286
0.634285714286
0.740890688259
0.685997171146
0.757352941176
0.72619047619
0.730606488011
0.710622710623
0.736686390533
0.796116504854
0.680659670165
0.739682539683
0.712446351931
0.743975903614
0.526011560694
0.627118644068
0.672932330827
0.495207667732
0.674796747967
0.780487804878
0.736328125
0.722063037249
0.519832985386
0.651821862348
0.794964028777
0.715163934426
0.759259259259
0.755555555556
0.623608017817
0.657243816254
0.75073313783
0.59842519685
0.73275862069
0.757936507937
0.72131147541
0.698039215686
0.864406779661
0.693023255814
0.776824034335
0.560810810811
0.672514619883
0.756198347107
0.60027100271
0.709976798144
0.655172413793
0.62984496124
0.640287769784
0.624489795918
0.734597156398
0.620836286322
0.51968503937
0.556962025316
0.782334384858
0.732620320856
0.50462962963
0.773722627737
0.667808219178
0.484316185696
0.739682539683
0.794007490637
0.609022556391
0.437110834371
0.492600422833
0.720588235294
0.624
0.706896551724
0.650455927052
0.676470588235
0.581314878893
0.66976744186
0.75
0.766025641026
0.648401826484
0.62925170068
0.69387755102
0.75
0.55938697318
0.65
0.438596491228
0.486153846154
0.645753634277
0.595541401274
0.70351758794
0.70996978852
0.536159600998
0.708624708625
0.732095490716
0.637931034483
0.697530864198
0.626911314985
0.651933701657
0.736677115987
0.733800350263
0.81067961165
0.651090342679
0.725888324873
0.634615384615
0.732283464567
0.690322580645
0.690909090909
0.780898876404
0.732432432432
0.769230769231
0.473618090452
0.80790960452
0.709401709402
0.76
0.560897435897
0.436528497409
0.643906020558
0.768115942029
0.645551601423
0.587096774194
0.678111587983
0.74168797954
0.40877914952
0.78125
0.655677655678
0.609112709832
0.760869565217
0.70607028754
0.788177339901
0.603896103896
0.692028985507
0.8
0.636012861736
0.64238410596
0.776859504132
0.769953051643
0.423117709438
0.413748378729
0.775075987842
0.772189349112
0.667593880389
0.668292682927
0.779220779221
0.582317073171
0.75
0.683881064163
0.633744855967
0.727272727273
0.7261663286
0.509389671362
0.526785714286
0.608695652174
0.580952380952
0.750841750842
0.541666666667
0.576315789474
0.673553719008
0.521276595745
0.775577557756
0.602848101266
0.678571428571
0.684745762712
0.7375
0.650289017341
0.507223113965
0.508169934641
0.703797468354
0.734006734007
0.568253968254
0.75
0.824468085106
0.751633986928
0.734693877551
0.652406417112
0.809523809524
0.693333333333
0.610576923077
0.754658385093
0.641592920354
0.446127946128
0.5672823219
0.772727272727
0.768768768769
0.656880733945
0.767741935484
0.67032967033
0.751578947368
0.540425531915
0.592592592593
0.575949367089
0.633663366337
0.716666666667
0.655773420479
0.831168831169
0.660194174757
0.540059347181
0.667617689016
0.742957746479
0.687969924812
0.714617169374
0.561844863732
0.740890688259
0.652173913043
0.479880774963
0.755868544601
0.707070707071
0.715789473684
0.506963788301
0.627358490566
0.72602739726
0.670202507232
0.709470304976
0.718181818182
0.670798898072
0.463133640553
0.698412698413
0.788
0.660465116279
0.7625
0.774193548387
0.66985645933
0.59219858156
0.473029045643
0.632850241546
0.616470588235
0.703488372093
0.708595387841
0.703358208955
0.725409836066
0.647798742138
0.716894977169
0.776041666667
0.535714285714
0.615384615385
0.796703296703
0.667213114754
0.770833333333
0.666666666667
0.760299625468
0.699490662139
0.514150943396
0.759450171821
0.754098360656
0.662962962963
0.671394799054
0.791044776119
0.551867219917
0.722330097087
0.714902807775
0.714285714286
0.533870967742
0.602409638554
0.572972972973
0.636958299264
0.59413202934
0.609137055838
0.539491298527
0.804347826087
0.686363636364
0.636842105263
0.794444444444
0.465486725664
0.671018276762
0.735602094241
0.651226158038
0.760517799353
0.614285714286
0.464128843338
0.613636363636
0.83660130719
0.778846153846
0.624324324324
0.761494252874
0.695652173913
0.78156996587
0.769230769231
0.629807692308
0.467080745342
0.63644524237
0.755656108597
0.688596491228
0.670289855072
0.498084291188
0.575757575758
0.625
0.792452830189
0.718157181572
0.703703703704
0.634241245136
0.767790262172
0.774038461538
0.748987854251
0.563517915309
0.748520710059
0.583333333333
0.70253164557
0.77397260274
0.77033492823
0.726851851852
0.623529411765
0.548117154812
0.747330960854
0.696832579186
0.813559322034
0.609442060086
0.628762541806
0.655913978495
0.425065731814
0.574024822695
0.629921259843
0.733590733591
0.758215962441
0.637992831541
0.571428571429
0.765384615385
0.71270718232
0.693103448276
0.804054054054
0.670289855072
0.717857142857
0.647058823529
0.743975903614
0.780612244898
0.764331210191
0.742028985507
0.802083333333
0.68691588785
0.71404109589
0.645669291339
0.652173913043
0.518279569892
0.867647058824
0.736607142857
0.722371967655
0.748815165877
0.697841726619
0.682451253482
0.675949367089
0.808
0.56015037594
0.736666666667
0.794392523364
0.635922330097
0.781362007168
0.775423728814
0.710843373494
0.785
0.768060836502
0.454301075269
0.730449251248
0.700483091787
0.685534591195
0.772727272727
0.741741741742
0.637931034483
0.692660550459
0.710659898477
0.635467980296
0.703170028818
0.830882352941
0.658163265306
0.598290598291
0.722929936306
0.544622425629
0.757692307692
0.756097560976
0.777292576419
0.759124087591
0.737668161435
0.711538461538
0.773224043716
0.630434782609
0.504784688995
0.62213740458
0.796019900498
0.537735849057
0.631205673759
0.684135977337
0.701923076923
0.637931034483
0.598837209302
0.826271186441
0.732776617954
0.617021276596
0.63133640553
0.759493670886
0.674796747967
0.554294975689
0.777777777778
0.706576728499
0.670798898072
0.702586206897
0.762402088773
0.715517241379
0.728337236534
0.565217391304
0.735294117647
0.734939759036
0.558974358974
0.690196078431
0.731958762887
0.608786610879
0.671717171717
0.665107577175
0.796666666667
0.524412296564
0.785714285714
0.584905660377
0.596412556054
0.752688172043
0.733711048159
0.628252788104
0.640718562874
0.760655737705
0.788732394366
0.798165137615
0.496428571429
0.638613861386
0.528189910979
0.486759142497
0.685106382979
0.698473282443
0.768867924528
0.557562076749
0.602941176471
0.595454545455
0.697142857143
0.691823899371
0.637209302326
0.729203539823
0.625531914894
0.456873315364
0.611111111111
0.685534591195
0.642915642916
0.6
0.671755725191
0.78073089701
0.774834437086
0.719512195122
0.746666666667
0.693069306931
0.793969849246
0.815450643777
0.788235294118
0.612334801762
0.65306122449
0.681451612903
0.602888086643
0.763713080169
0.549848942598
0.603846153846
0.784722222222
0.729545454545
0.621495327103
0.549234135667
0.745454545455
0.730769230769
0.772093023256
0.584474885845
0.691891891892
0.688221709007
0.62467191601
0.806282722513
0.603896103896
0.466579292267
0.623873873874
0.748344370861
0.785498489426
0.635245901639
0.404886561955
0.592356687898
0.745182012848
0.759075907591
0.469119579501
0.620666666667
0.743243243243
0.495024875622
0.483960948396
0.545034642032
0.774193548387
0.547297297297
0.538461538462
0.668371696505
0.722222222222
0.633724948169
0.686046511628
0.643192488263
0.696153846154
0.621739130435
0.696016771488
0.791836734694
0.717391304348
0.612745098039
0.743215031315
0.74358974359
0.64201183432
0.784552845528
0.761565836299
0.63967611336
0.801886792453
0.6008492569
0.702173913043
0.633466135458
0.617391304348
0.792307692308
0.75
0.7
0.760617760618
0.738241308793
0.690582959641
0.771043771044
0.76397515528
0.719512195122
0.754325259516
0.619834710744
0.753036437247
0.566101694915
0.739255014327
0.739010989011
0.617647058824
0.627272727273
0.817391304348
0.708624708625
0.646376811594
0.859813084112
0.731397459165
0.767441860465
0.589569160998
0.522935779817
0.717647058824
0.729166666667
0.509375
0.553846153846
0.736434108527
0.683257918552
0.668994413408
0.763636363636
0.803370786517
0.808988764045
0.643233743409
0.74531835206
0.763848396501
0.813397129187
0.720454545455
0.830601092896
0.7734375
0.655299539171
0.636363636364
0.484624846248
0.553921568627
0.68625
0.702040816327
0.818181818182
0.825938566553
0.70652173913
0.747641509434
0.631578947368
0.552469135802
0.508547008547
0.740291262136
0.640692640693
0.751141552511
0.781350482315
0.776699029126
0.497237569061
0.766066838046
0.550387596899
0.618279569892
0.780898876404
0.738461538462
0.779922779923
0.766590389016
0.663755458515
0.702380952381
0.614583333333
0.597058823529
0.778301886792
0.513888888889
0.752427184466
0.824175824176
0.635897435897
0.685082872928
0.604761904762
0.735772357724
0.6
0.597826086957
0.602122015915
0.640776699029
0.742537313433
0.583333333333
0.742063492063
0.704347826087
0.655172413793
0.695652173913
0.433165829146
0.482479784367
0.728323699422
0.728222996516
0.73023255814
0.687116564417
0.743202416918
0.62030075188
0.553846153846
0.71568627451
0.578212290503
0.732095490716
0.669230769231
0.696169088507
0.723880597015
0.657439446367
0.465408805031
0.645569620253
0.632286995516
0.641732283465
0.782608695652
0.543889845095
0.733031674208
0.661478599222
0.679300291545
0.79674796748
0.775342465753
0.668202764977
0.665890570431
0.508152173913
0.657258064516
0.622568093385
0.757575757576
0.728070175439
0.646551724138
0.654434250765
0.721804511278
0.507865168539
0.802325581395
0.51867219917
0.752411575563
0.770114942529
0.639130434783
0.662874870734
0.448936170213
0.482954545455
0.474530831099
0.412727272727
0.778181818182
0.524305555556
0.719806763285
0.536964980545
0.708860759494
0.754646840149
0.726172465961
0.541478129713
0.581699346405
0.633484162896
0.498550724638
0.564764492754
0.728337236534
0.754874651811
0.667370644139
0.820512820513
0.692913385827
0.790697674419
0.700826446281
0.75
0.63133640553
0.572413793103
0.767634854772
0.413441955193
0.509466437177
0.466386554622
0.452722063037
0.718009478673
0.657869012708
0.615646258503
0.690582959641
0.475446428571
0.627627627628
0.637019230769
0.445350734095
0.606837606838
0.511450381679
0.714555765595
0.523316062176
0.791519434629
0.699588477366
0.727015558699
0.73786407767
0.474842767296
0.702394526796
0.722513089005
0.640186915888
0.769759450172
0.583333333333
0.598360655738
0.485502360081
0.651821862348
0.524770642202
0.739316239316
0.592783505155
0.710594315245
0.712121212121
0.782608695652
0.646511627907
0.677419354839
0.589825119237
0.645320197044
0.676348547718
0.737819025522
0.582089552239
0.711610486891
0.554429429429
0.7625
0.685258964143
0.700840336134
0.615384615385
0.532293986637
0.774703557312
0.732638888889
0.764705882353
0.711571675302
0.544600938967
0.72602739726
0.594512195122
0.72131147541
0.671875
0.584656084656
0.545918367347
0.808888888889
0.752136752137
0.746223564955
0.572164948454
0.427672955975
0.619834710744
0.756476683938
0.69391025641
0.63743315508
0.730673316708
0.779166666667
0.777777777778
0.74828375286
0.766949152542
0.754385964912
0.603679761313
0.74672489083
0.688235294118
0.605263157895
0.579881656805
0.827906976744
0.751700680272
0.767973856209
0.61
0.757322175732
0.736842105263
0.615384615385
0.728280961183
0.638141809291
0.620347394541
0.728723404255
0.515007898894
0.651408450704
0.735849056604
0.81981981982
0.746666666667
0.475609756098
0.714968152866
0.644859813084
0.737704918033
0.664804469274
0.566724436742
0.632850241546
0.59756097561
0.806451612903
0.562913907285
0.775423728814
0.652173913043
0.778242677824
0.738461538462
0.749244712991
0.606177606178
0.747692307692
0.702380952381
0.751423149905
0.605479452055
0.581151832461
0.770992366412
0.657453109576
0.743529411765
0.652567975831
0.73417721519
0.770072992701
0.757731958763
0.506345177665
0.545905707196
0.644329896907
0.705394190871
0.745454545455
0.688118811881
0.753246753247
0.830985915493
0.720524017467
0.709359605911
0.718940936864
0.677725118483
0.747967479675
0.729055258467
0.654545454545
0.703755215577
0.607929515419
0.728624535316
0.451612903226
0.757709251101
0.439937597504
0.615702479339
0.700507614213
0.770491803279
0.711340206186
0.605042016807
0.789655172414
0.700179533214
0.525046382189
0.537878787879
0.464
0.624060150376
0.717105263158
0.710213776722
0.818897637795
0.752411575563
0.649572649573
0.463203463203
0.684582743989
0.715935334873
0.776162790698
0.763925729443
0.730769230769
0.585434173669
0.6375
0.701704545455
0.748971193416
0.714285714286
0.615702479339
0.738938053097
0.769607843137
0.727272727273
0.535117056856
0.678414096916
0.535331905782
0.664206642066
0.684782608696
0.678977272727
0.811764705882
0.59693877551
0.580188679245
0.798816568047
0.488584474886
0.670731707317
0.479611650485
0.517928286853
0.709030100334
0.676470588235
0.681818181818
0.779591836735
0.452042628774
0.769736842105
0.636237897649
0.766917293233
0.680555555556
