0.140417457306
0.156657963446
0.112781954887
0.177358490566
0.0847457627119
0.0981308411215
0.161290322581
0.167910447761
0.146666666667
0.104712041885
0.0802139037433
0.185185185185
0.120689655172
0.122171945701
0.165217391304
0.134615384615
0.0963302752294
0.118497109827
0.0925110132159
0.223628691983
0.0909090909091
0.162679425837
0.184615384615
0.17816091954
0.134185303514
0.168421052632
0.166986564299
0.129032258065
0.108658743633
0.112903225806
0.136186770428
0.116666666667
0.2100456621
0.190697674419
0.113513513514
0.138121546961
0.171875
0.128630705394
0.17277486911
0.170245398773
0.276836158192
0.140142517815
0.0967741935484
0.188405797101
0.187214611872
0.105882352941
0.151515151515
0.132240437158
0.151515151515
0.112195121951
0.164556962025
0.140957446809
0.168269230769
0.115555555556
0.151193633952
0.0932835820896
0.150159744409
0.196428571429
0.114832535885
0.109375
0.14371257485
0.149253731343
0.173396674584
0.181333333333
0.176530612245
0.121794871795
0.159292035398
0.182242990654
0.178041543027
0.207446808511
0.157556270096
0.121428571429
0.101102941176
0.142131979695
0.102244389027
0.171557562077
0.133944954128
0.104395604396
0.141962421712
0.125498007968
0.142857142857
0.170357751278
0.139534883721
0.144680851064
0.0929203539823
0.128787878788
0.182481751825
0.136200716846
0.155717761557
0.168421052632
0.156779661017
0.134408602151
0.119815668203
0.124637681159
0.12109375
0.122676579926
0.0982905982906
0.176211453744
0.0904761904762
0.135922330097
0.12955465587
0.122171945701
0.128078817734
0.12389380531
0.152403282532
0.164179104478
0.157142857143
0.184331797235
0.1875
0.115618661258
0.117647058824
0.18927444795
0.130890052356
0.158139534884
0.131578947368
0.0949367088608
0.159685863874
0.119565217391
0.09
0.105504587156
0.119601328904
0.165784832451
0.114942528736
0.136929460581
0.0918918918919
0.109848484848
0.129151291513
0.114832535885
0.174157303371
0.123711340206
0.151712887439
0.145324597975
0.112734864301
0.0805369127517
0.108695652174
0.14
0.125490196078
0.0978260869565
0.125714285714
0.0718562874251
0.132653061224
0.105691056911
0.102857142857
0.131428571429
0.109311740891
0.132956152758
0.132352941176
0.142857142857
0.119887165021
0.131868131868
0.150887573964
0.0873786407767
0.140929535232
0.149206349206
0.118025751073
0.132530120482
0.161849710983
0.169491525424
0.157894736842
0.191693290735
0.150406504065
0.130081300813
0.123046875
0.120343839542
0.175365344468
0.153846153846
0.0863309352518
0.129098360656
0.0925925925926
0.107407407407
0.178173719376
0.180212014134
0.117302052786
0.175853018373
0.133620689655
0.126984126984
0.144808743169
0.156862745098
0.0762711864407
0.158139534884
0.0987124463519
0.175675675676
0.134502923977
0.128099173554
0.174119241192
0.132250580046
0.150862068966
0.149224806202
0.118705035971
0.195918367347
0.132701421801
0.165131112686
0.204724409449
0.26582278481
0.129337539432
0.112299465241
0.185185185185
0.102189781022
0.123287671233
0.156838143036
0.12380952381
0.0786516853933
0.16290726817
0.181818181818
0.173361522199
0.102941176471
0.156
0.14367816092
0.145896656535
0.183823529412
0.190311418685
0.167441860465
0.137931034483
0.108974358974
0.173515981735
0.176870748299
0.142857142857
0.11875
0.176245210728
0.135
0.18567251462
0.196923076923
0.154552410099
0.171974522293
0.145728643216
0.111782477341
0.224438902743
0.135198135198
0.122015915119
0.176724137931
0.148148148148
0.17125382263
0.198895027624
0.122257053292
0.138353765324
0.0825242718447
0.143302180685
0.147208121827
0.198717948718
0.129921259843
0.116129032258
0.169696969697
0.0955056179775
0.12972972973
0.117408906883
0.140703517588
0.112994350282
0.123931623932
0.135
0.163461538462
0.163212435233
0.145374449339
0.0942028985507
0.141637010676
0.190322580645
0.158798283262
0.112531969309
0.150891632373
0.107142857143
0.131868131868
0.157074340528
0.111801242236
0.140575079872
0.0837438423645
0.172077922078
0.141304347826
0.0851063829787
0.138263665595
0.141721854305
0.115702479339
0.0985915492958
0.173913043478
0.184176394293
0.118541033435
0.103550295858
0.13073713491
0.146341463415
0.0857142857143
0.198170731707
0.0961538461538
0.139280125196
0.156378600823
0.139393939394
0.105476673428
0.192488262911
0.178571428571
0.195652173913
0.165714285714
0.0942760942761
0.2
0.142105263158
0.173553719008
0.202127659574
0.118811881188
0.153481012658
0.171428571429
0.135593220339
0.108333333333
0.149325626204
0.16532905297
0.173202614379
0.120253164557
0.107744107744
0.149206349206
0.114406779661
0.101063829787
0.114379084967
0.10612244898
0.197860962567
0.108843537415
0.142222222222
0.216346153846
0.133540372671
0.20796460177
0.198653198653
0.182058047493
0.146464646465
0.111111111111
0.140366972477
0.112903225806
0.137362637363
0.124210526316
0.170212765957
0.161616161616
0.158227848101
0.15099009901
0.113333333333
0.150326797386
0.0844155844156
0.160194174757
0.19881305638
0.146932952924
0.130281690141
0.140350877193
0.136890951276
0.127882599581
0.115384615385
0.179347826087
0.180327868852
0.1220657277
0.141414141414
0.119298245614
0.153203342618
0.188679245283
0.133561643836
0.136933461909
0.120385232745
0.151515151515
0.148760330579
0.195852534562
0.142857142857
0.12
0.162790697674
0.120833333333
0.10752688172
0.181818181818
0.177304964539
0.224066390041
0.154589371981
0.143529411765
0.171511627907
0.140461215933
0.126865671642
0.125
0.176100628931
0.141552511416
0.0989583333333
0.2
0.174825174825
0.10989010989
0.132786885246
0.0972222222222
0.147540983607
0.116104868914
0.146010186757
0.162735849057
0.106529209622
0.120218579235
0.122222222222
0.130023640662
0.109452736318
0.207468879668
0.104854368932
0.131749460043
0.125274725275
0.174193548387
0.168674698795
0.154054054054
0.14963205233
0.173594132029
0.157360406091
0.13922356091
0.0942028985507
0.113636363636
0.189473684211
0.0944444444444
0.171681415929
0.151436031332
0.115183246073
0.148047229791
0.119741100324
0.175
0.187408491947
0.181818181818
0.0915032679739
0.163461538462
0.151351351351
0.10632183908
0.2
0.102389078498
0.0846153846154
0.201923076923
0.171428571429
0.154398563734
0.113122171946
0.122807017544
0.170289855072
0.180076628352
0.190909090909
0.175
0.0817610062893
0.140921409214
0.159259259259
0.15953307393
0.0898876404494
0.149038461538
0.137651821862
0.185667752443
0.118343195266
0.166666666667
0.145569620253
0.106164383562
0.124401913876
0.12962962963
0.176470588235
0.192468619247
0.120996441281
0.149321266968
0.090395480226
0.175965665236
0.183946488294
0.129032258065
0.168273444347
0.162234042553
0.137795275591
0.146718146718
0.112676056338
0.132616487455
0.207142857143
0.0923076923077
0.0994475138122
0.165517241379
0.0945945945946
0.144927536232
0.153571428571
0.160427807487
0.126506024096
0.107142857143
0.140127388535
0.136231884058
0.0989583333333
0.18691588785
0.123287671233
0.177165354331
0.16847826087
0.172043010753
0.0514705882353
0.113839285714
0.129380053908
0.156398104265
0.165467625899
0.146239554318
0.13417721519
0.064
0.169172932331
0.15
0.0934579439252
0.199029126214
0.121863799283
0.0932203389831
0.144578313253
0.09
0.125475285171
0.193548387097
0.109816971714
0.164251207729
0.150943396226
0.119834710744
0.117117117117
0.172413793103
0.155963302752
0.142131979695
0.172413793103
0.149855907781
0.0735294117647
0.178571428571
0.188034188034
0.127388535032
0.171624713959
0.111538461538
0.113821138211
0.131004366812
0.109489051095
0.116591928251
0.160256410256
0.103825136612
0.195652173913
0.131578947368
0.164122137405
0.0995024875622
0.201257861635
0.184397163121
0.128895184136
0.182692307692
0.16091954023
0.19476744186
0.0677966101695
0.118997912317
0.153191489362
0.165898617512
0.136075949367
0.150406504065
0.15397082658
0.111111111111
0.129848229342
0.143250688705
0.112068965517
0.114882506527
0.14367816092
0.121779859485
0.201086956522
0.126696832579
0.120481927711
0.192307692308
0.160784313725
0.128865979381
0.165271966527
0.159090909091
0.143124415341
0.0966666666667
0.188065099458
0.103571428571
0.13679245283
0.188340807175
0.100358422939
0.127478753541
0.144981412639
0.12874251497
0.111475409836
0.103286384977
0.119266055046
0.232142857143
0.163366336634
0.169139465875
0.160151324086
0.114893617021
0.125954198473
0.127358490566
0.167042889391
0.176470588235
0.172727272727
0.131428571429
0.157232704403
0.2
0.118584070796
0.163829787234
0.16576819407
0.200854700855
0.106918238994
0.143325143325
0.163333333333
0.179389312977
0.0996677740864
0.119205298013
0.146341463415
0.116666666667
0.158415841584
0.0753768844221
0.0815450643777
0.113725490196
0.167400881057
0.167346938776
0.185483870968
0.169675090253
0.130801687764
0.172205438066
0.173076923077
0.104166666667
0.122727272727
0.196261682243
0.172866520788
0.112121212121
0.104395604396
0.13023255814
0.173515981735
0.156756756757
0.170900692841
0.162729658793
0.109947643979
0.142857142857
0.179554390564
0.186936936937
0.122516556291
0.105740181269
0.16393442623
0.184991273997
0.165605095541
0.100642398287
0.115511551155
0.166885676741
0.166
0.121621621622
0.141791044776
0.174337517434
0.182448036952
0.0967741935484
0.192567567568
0.197115384615
0.149190110827
0.141666666667
0.150656530753
0.168604651163
0.154929577465
0.140384615385
0.163043478261
0.157232704403
0.0938775510204
0.173913043478
0.174019607843
0.108559498956
0.138461538462
0.144970414201
0.142276422764
0.131672597865
0.165991902834
0.122641509434
0.169851380042
0.132608695652
0.159362549801
0.186956521739
0.138461538462
0.115384615385
0.12
0.119691119691
0.141104294479
0.161434977578
0.114478114478
0.121118012422
0.138211382114
0.141868512111
0.206611570248
0.125506072874
0.196610169492
0.120343839542
0.126373626374
0.166666666667
0.190909090909
0.095652173913
0.132867132867
0.124637681159
0.0841121495327
0.121597096189
0.116279069767
0.149659863946
0.174311926606
0.126470588235
0.130208333333
0.184375
0.215384615385
0.143410852713
0.158371040724
0.149441340782
0.109090909091
0.0955056179775
0.101123595506
0.160808435852
0.131086142322
0.122448979592
0.0956937799043
0.127272727273
0.0874316939891
0.1171875
0.138248847926
0.19696969697
0.166051660517
0.254901960784
0.1325
0.134693877551
0.0965909090909
0.0716723549488
0.146739130435
0.117924528302
0.184210526316
0.175925925926
0.213675213675
0.121359223301
0.181818181818
0.10502283105
0.118971061093
0.126213592233
0.167127071823
0.0899742930591
0.158914728682
0.150537634409
0.0955056179775
0.112087912088
0.11583011583
0.118993135011
0.152838427948
0.119047619048
0.170138888889
0.167647058824
0.117924528302
0.208333333333
0.150485436893
0.0769230769231
0.133333333333
0.154696132597
0.157142857143
0.117886178862
0.15
0.20652173913
0.16976127321
0.18932038835
0.14552238806
0.159090909091
0.123015873016
0.126086956522
0.167487684729
0.178743961353
0.159798994975
0.183288409704
0.124277456647
0.142857142857
0.13023255814
0.159509202454
0.160120845921
0.165413533835
0.184615384615
0.122549019608
0.156424581006
0.135278514589
0.130769230769
0.130779392338
0.149253731343
0.162629757785
0.179245283019
0.172995780591
0.192825112108
0.220472440945
0.102766798419
0.191049913941
0.131221719457
0.178988326848
0.148688046647
0.0934959349593
0.109589041096
0.142857142857
0.155995343423
0.131793478261
0.145161290323
0.210116731518
0.106060606061
0.111111111111
0.159482758621
0.14373088685
0.135338345865
0.167415730337
0.0736434108527
0.182572614108
0.102893890675
0.107279693487
0.173913043478
0.140641158221
0.189361702128
0.255681818182
0.190348525469
0.165454545455
0.112727272727
0.184027777778
0.144927536232
0.147859922179
0.128390596745
0.122676579926
0.101361573374
0.184012066365
0.202614379085
0.199095022624
0.16231884058
0.153532608696
0.11943793911
0.125348189415
0.143611404435
0.119658119658
0.161417322835
0.116279069767
0.153719008264
0.122549019608
0.207373271889
0.186206896552
0.132780082988
0.16700610998
0.173838209983
0.16106442577
0.214899713467
0.13981042654
0.144672531769
0.156462585034
0.144992526158
0.185267857143
0.15015015015
0.139423076923
0.174551386623
0.196581196581
0.145038167939
0.136105860113
0.199481865285
0.113074204947
0.127572016461
0.106082036775
0.135922330097
0.210691823899
0.128848346636
0.13612565445
0.14953271028
0.0996563573883
0.145833333333
0.131147540984
0.152393796359
0.161943319838
0.163302752294
0.119658119658
0.211340206186
0.12661498708
0.128787878788
0.110671936759
0.204651162791
0.139784946237
0.147853736089
0.182266009852
0.165975103734
0.113689095128
0.18407960199
0.12734082397
0.156906906907
0.121875
0.111553784861
0.136134453782
0.189349112426
0.187082405345
0.098814229249
0.142361111111
0.117647058824
0.134715025907
0.159624413146
0.155251141553
0.17987804878
0.147540983607
0.1875
0.161375661376
0.209183673469
0.08
0.123931623932
0.129909365559
0.237113402062
0.178616352201
0.152892561983
0.139896373057
0.115384615385
0.131550802139
0.142144638404
0.1
0.138888888889
0.118993135011
0.127118644068
0.110275689223
0.153157633018
0.131004366812
0.147058823529
0.197368421053
0.153846153846
0.0976744186047
0.122448979592
0.130718954248
0.19
0.100418410042
0.161943319838
0.163461538462
0.15157116451
0.158924205379
0.171215880893
0.13829787234
0.169036334913
0.179577464789
0.137466307278
0.108108108108
0.133333333333
0.235772357724
0.117834394904
0.168224299065
0.135245901639
0.150837988827
0.168110918544
0.159420289855
0.154471544715
0.0921658986175
0.152317880795
0.0847457627119
0.177865612648
0.112970711297
0.126153846154
0.126888217523
0.146718146718
0.132307692308
0.115079365079
0.106261859583
0.186301369863
0.19109947644
0.125954198473
0.151036525173
0.117647058824
0.166163141994
0.126582278481
0.0985401459854
0.118556701031
0.168781725888
0.193548387097
0.201030927835
0.165975103734
0.130909090909
0.133663366337
0.11038961039
0.0774647887324
0.170305676856
0.147783251232
0.112016293279
0.165876777251
0.130081300813
0.105169340463
0.15
0.143254520167
0.165198237885
0.144981412639
0.175953079179
0.101321585903
0.190327613105
0.185950413223
0.157360406091
0.124590163934
0.126656848306
0.235294117647
0.0965517241379
0.143626570916
0.166975881262
0.223484848485
0.205333333333
0.165413533835
0.111842105263
0.116389548694
0.110236220472
0.12540192926
0.15811965812
0.166666666667
0.114568599717
0.127020785219
0.119186046512
0.0981432360743
0.139423076923
0.176470588235
0.171875
0.159090909091
0.106995884774
0.110787172012
0.181818181818
0.108407079646
0.142156862745
0.139037433155
0.197324414716
0.167400881057
0.197002141328
0.173431734317
0.184782608696
0.130681818182
0.0862745098039
0.204081632653
0.167452830189
0.118343195266
0.168949771689
0.142276422764
0.180582524272
0.227091633466
0.112040133779
0.159663865546
0.144522144522
0.102040816327
0.173179396092
0.101973684211
0.155601659751
0.124060150376
0.143518518519
