0.0541759218589
0.444468504734
0.408241221635
0.871886385545
-1.53138572209
-1.67800730928
0.781613809165
1.17708713095
-0.496004079312
0.64224111787
-0.510088890126
0.824801975836
0.848253124593
0.193228007226
1.38837822715
-1.21556598451
-0.213575465297
-2.25821951313
-3.08287371807
0.228278927788
-1.83740874095
0.707368768133
0.64597277981
0.647348959822
-2.26108200959
0.499231188984
0.811907797723
0.352211638478
-0.542934764943
-0.0469924681676
0.560721748599
0.051958843336
1.02408776787
0.812364914349
-0.157023190733
-0.796466873294
0.937922454224
0.450799095805
1.05069273415
0.629599721821
0.717046130281
0.463456773413
-0.94008618132
1.21323233287
0.635066129619
-1.50346933896
0.500644228291
-0.375672634707
-0.786106565077
0.293654551422
1.30759921632
-0.780609938264
0.663156714365
0.921390474624
1.27027519738
0.66794865851
0.731801066465
0.458150868253
-1.18702655308
1.59107638993
0.486204745058
-0.0586848499662
0.81145216664
1.15964122946
0.952230104333
0.436653801808
1.10671959972
0.86894336999
0.673244643884
0.759825788479
1.3346140036
-0.421386082518
-0.263652750729
1.84106967465
0.0870994437287
1.02104563787
-0.362972607793
0.529341038094
0.563343762899
-0.254843151688
1.57740446255
-0.607124639337
0.776691278901
-0.462220063646
0.318979636137
-0.842024527274
1.49721502901
-0.617599381795
-0.537164914098
0.852412461324
1.42653009789
-0.569131652128
0.631588219338
-0.65857497719
-0.404475115919
0.551631090502
0.240976230766
1.19126602435
-2.36502833335
0.374431157482
-0.366519725264
1.27451693466
0.975754631877
1.07208724872
1.156255508
0.909053591136
1.12318796905
0.631246213525
0.789616647703
-0.379176260189
1.04869519704
0.619289048142
0.729517424594
1.02831125289
0.363946312066
-0.494788140359
-0.284138931954
-0.975189455717
-0.102371897088
-0.331405105376
-0.33169243303
-0.309933842004
1.17358653202
-1.68771292937
0.441035206626
0.0876431037917
-0.100175489431
-0.57720227779
0.343547617357
1.21712392613
-0.438974622528
-0.0671594082143
-1.03049883514
0.741277123442
-2.25761390715
0.086528508872
0.199416138718
0.673914056836
0.783738948231
1.24490860165
1.2818915984
-0.53499793658
-0.892006730739
0.836631810686
0.165176691397
-1.05220242944
-0.758680570133
-2.4761189422
-0.163367752324
0.876477933964
-1.62686258422
0.437433006166
-0.0916296230971
-0.226018334762
0.222524509495
-0.334568852731
1.46618557956
-0.858618882172
0.963315556323
0.996771136301
1.20620932516
-0.276441754055
-0.796313293018
-2.70727083498
0.353638218063
0.104031878346
-0.623457522726
0.343130719405
-1.07749154802
-0.400400885308
0.202269783639
0.764772023079
-2.12254504428
1.08541355125
0.989022263355
-0.917777028502
-0.741346278427
0.793039022473
0.275149818633
0.770848608384
0.950594153971
1.11534425703
1.48333619952
0.707137346077
-0.496933635584
-0.0525078738152
0.077859614035
-1.44519394566
0.319796115894
0.30425925654
0.628435071782
-0.290650613156
-0.879146802716
-0.444191939894
0.100303523671
0.339430008806
-0.496450080107
0.112276452467
0.396011066902
0.361317838388
0.389323108778
-0.442134086928
0.459523731855
0.977328790315
-0.445222108781
-0.576605980288
1.16593156607
-0.673778568186
0.830184336498
0.0793108996952
-0.216236468105
0.406229124066
0.0227640486577
1.20101823636
1.00556058271
-0.0380285575479
-0.0876014408551
0.506229871169
0.756887394801
-0.0141505646609
0.105815053197
-0.40082922994
-0.971053072445
0.272910576925
1.0330315373
0.289423449069
0.74336009963
-1.36224025784
-0.752608333046
0.370598569979
0.459782783025
0.347765895711
1.24327318869
-0.31765749787
-0.934586947248
0.700333107005
-0.491920997665
0.984803920836
-0.203012434974
0.62041968373
1.58167492426
1.65832221137
0.806450026564
-2.04577891797
-2.42203159
-0.450484778881
0.137440115216
-1.18325708546
0.776592822807
-0.64571405539
0.405226643949
-0.312778037069
0.264574467804
-0.144845992952
-0.249322407456
0.0821526725811
-1.13947937371
1.09125879842
-1.40342621688
1.00871246185
0.115679881121
-1.15298614203
0.603505435258
0.434569139354
0.322634173306
-0.0796644247534
-0.065741124379
-0.58881208494
-0.417645624444
-0.29925836103
1.10493956613
-0.630024137574
0.0628641844491
-1.61912677494
-2.42062462987
-1.16328064536
0.396587788904
0.373009685356
-0.814165774744
1.1457075247
-0.777840209008
0.567873494233
0.642245804872
-0.60479978906
0.62897112398
-0.720960967329
1.28572079329
0.338673616742
-0.283055973661
0.914180709591
-0.0736492295485
1.22487383594
0.440359253532
-1.66311754457
-0.667895888989
1.0683745673
0.268964814594
1.01748944945
-1.09689758635
0.832147415592
-0.503763008061
-1.44741487343
1.23052435442
0.119870417815
-1.20641035461
1.02519008383
-1.06802868165
1.12275182702
0.25557777207
0.327119243307
1.05965507521
0.62187816363
-1.12913294564
0.77921397981
0.0155411513143
0.534749174252
0.383246009027
-2.02261621529
-0.455950164945
0.428166620063
0.370743758968
-0.105069949406
0.915113568749
0.0372467348229
0.967893554584
0.868917697867
-0.68277058515
0.166205714826
1.20372891067
1.09287363031
0.722917272154
-0.264179924099
0.385733539907
-1.19013906502
-0.840491124456
-0.103966525217
-0.759085393144
1.39863879886
-0.611447663857
0.247680333985
-0.713975309884
-0.833897248217
0.3555920557
0.925247272953
-2.22531531986
-1.67739951807
0.0871542998335
-1.64680179524
-0.0497811577705
0.342149689837
0.990707909082
-1.02239703204
1.31583368993
-0.731630277523
-0.435494501301
1.27355441063
-0.241014675292
1.35655877711
0.839077318433
0.630485565564
-2.34423776878
-0.672397294526
0.306856532915
-0.0813828156175
1.12604045176
-1.04918683035
1.3029714641
1.37143894945
1.2800672046
1.04174583892
-1.62695755664
1.07444985205
1.38750239329
-0.676059067081
0.608762727685
1.03131265121
-1.62092452339
0.467279856703
-0.127563798086
-0.529104321997
0.701400526155
1.17258931736
0.410417724392
-0.64944515162
0.296925464789
0.65159725667
1.00590047441
0.203969467214
-0.695207291069
0.571914797905
0.557053133313
0.47697169872
1.36034911877
-1.4644873825
0.076648328896
-0.0439681530028
-0.316491830864
0.0773007747989
-0.887933301239
-0.911475713443
-1.13422473138
-0.618129453011
0.175563962316
0.0509513676573
-1.32008391634
0.311967135544
-0.224444032097
-0.302316835607
1.31982443463
-1.41868031286
1.87273796092
0.329047609388
0.0496479694614
-0.347350015948
-0.333787919936
0.475378836648
0.921385782665
0.310585247545
-0.913932457412
-1.18466057169
0.136112820077
0.0143593725012
0.0965653433385
0.737820467853
0.288115549803
0.611040659713
-0.155716202595
0.391999027687
-1.0585006383
0.0379735401337
-0.919199822291
-0.555168005342
0.334776943579
0.133993958952
0.167746069019
1.44012547216
-0.70337522634
-1.94080221609
-1.33648705401
-0.239016831365
1.44866980426
-0.442262078157
0.276621201138
-0.836122439644
-0.47029827792
0.905866309067
-0.54785178713
1.09976399694
0.983021702448
-4.77738580406
0.882791361487
0.808263861851
0.610381862225
0.336023745436
-0.208991167472
0.250324693843
-2.36051613477
-2.26092925711
0.544261266635
-1.51131234848
0.26553578843
-0.520719799838
-0.302150076341
1.39248219562
-0.0969631205275
0.280906191161
0.185524594937
0.21989736104
0.0221342384484
-1.39855657809
0.146054643332
0.207035267918
0.6182103645
1.97315797773
0.558398480874
-2.58229314294
-2.35979749949
0.0173555139945
-1.79210654394
-2.7415477697
-1.07466452114
-0.306199963786
-0.00620281111226
1.23521917817
0.0467531939961
0.128952920417
1.78033072172
0.145367331901
0.0462119051857
0.0253921523711
0.99837828667
-1.31455276157
-0.0785753373177
0.680900471467
0.356053697302
-0.0583586923941
0.521549017942
-0.107330579616
-0.116175881524
0.118556645852
-0.0419928140384
0.703132838532
-2.18425383196
-0.484114767927
-0.674966401046
-0.543847297472
1.36844046197
-0.285737881511
0.491942760857
-0.507617389839
-0.895938500972
-0.394177348479
-0.375539412
1.10598538194
-0.300149677053
0.823714544833
-1.1826130647
-1.16987442462
0.44084562765
1.01068700212
-0.345897463694
-0.118387035489
-1.34177040859
0.0507344768795
-1.12725958504
-1.49895888164
-0.0860544012734
-0.851496320896
-0.188613485664
-2.49839126499
-0.185521656788
-0.958537701887
0.189744110547
-0.796997629586
1.15016710247
0.487585402243
0.516162977319
0.514293215927
-0.743646739818
-2.30625942919
-1.85644146366
0.0230732005891
0.959581599713
1.23384820912
0.136989300331
-0.496175964827
0.717650227052
-0.086084411152
-0.362790525479
-0.391568001244
2.05542899373
0.480872720701
1.0698828308
0.381486677605
-0.455800980593
-0.056520321937
0.205618857608
0.699224228136
0.259791396856
1.24313826466
1.03990085811
0.107744136315
1.03004466347
0.49897167737
-0.705304729774
0.82759632994
-0.163411693505
1.24416644488
0.823494885478
-0.874494531826
1.2529591137
0.643408292533
0.115396715973
0.802553849177
-0.932670429197
-1.80418031347
0.502144577333
1.26078065822
-0.0321200620619
-0.180241187839
0.345052608287
0.326951869097
1.06247217849
-0.144633391354
1.14060517179
-0.341521105699
-0.296249208544
0.437264337514
-0.447282158277
0.468340757076
-0.667286530119
-0.732343580065
0.859202172686
1.0358228955
0.976158361581
0.858512488253
0.115521422741
0.640132787363
-2.66307019047
0.421616461697
1.12915314512
-0.694734406132
0.375191311519
-7.01460277287
0.272473181714
0.374501925474
0.461598370865
-0.586602223893
0.0162774024283
0.0875154956288
-0.305213388233
0.000291954347587
0.465827880762
0.721584620515
-1.0343093548
0.988571868898
-3.61397141358
-1.38332667346
-1.80885858117
-1.12340719426
-0.985234646648
0.452092398547
1.24766367036
-0.736056666376
-0.761695176869
-0.645477793267
0.409658328749
-0.079258189799
-0.8068366543
-0.358650630555
-0.257828864059
0.354026356128
-0.935799694677
0.31683318542
-0.333515543888
-1.33742371677
-0.175129072504
-1.92078883048
0.681235793566
0.726177690947
0.821403771973
-0.41781963557
0.0475113749587
-0.741420557918
0.38454601447
0.764458266285
-0.540546605909
-0.807186759969
-2.43891098423
-1.2693625612
-0.104061662133
0.282628567168
1.10887644808
0.146133061462
-1.46924131612
1.22887365571
0.409641648088
-0.319429586459
0.846761695471
0.90710923384
-4.79142064475
-0.878342343863
-0.780623528951
0.148273244878
0.774857940805
0.400181166769
1.32548695133
1.14320845318
0.161001096124
-0.0305314897483
1.22798276422
-1.45792220054
0.880162026944
0.843375664934
1.66419432339
-0.0632004301028
-3.65912874659
-0.601198073722
0.198943374048
-0.456748828088
1.18100034364
-0.257301811723
0.0356629538635
-0.0431753194974
0.293980922277
0.733986691746
-0.311220933457
1.39981173781
1.51984774209
-1.09734963916
-1.04306589734
-3.9818454591
0.0586974248066
0.762989372108
0.229236844539
-0.947755976949
0.934618787008
-0.838256031055
0.268292349238
-3.39991251687
1.2858762681
-1.59912590432
0.502964385323
1.00918749385
0.862892998648
0.389847480604
-0.688674824711
-1.50966522627
1.08772164635
1.06732569165
0.977469085463
0.264101736279
-0.930848974589
0.719190020741
-0.989769786929
0.44441076619
0.659249352583
0.109714067295
-0.317584997182
-0.0948388714078
0.467351381202
0.605664041218
0.757497235619
1.29425488267
-0.668484384509
-0.916676993237
0.288861119559
-0.139387701739
1.47847581032
1.22139921089
-1.30153921521
0.218985331469
0.109472059314
-0.0946758064665
0.733044155397
0.107597148306
0.778384173513
0.321192852969
-0.579732616337
1.42191653526
0.278857230354
-1.38411442275
1.34051165875
-0.672362653081
-0.0517416306022
1.04505755421
1.22017154462
1.18392344703
0.842198590768
-1.02955049727
-0.694710853781
0.521566656824
-0.0855053918989
0.340127461985
0.637052620032
0.144625244149
-4.19507064728
1.34875648929
-0.469657657634
-0.157521640431
1.96031579579
0.684072653423
-1.3277855556
-0.983564551814
0.605398759024
-0.382980104912
1.92770900291
-0.698573557558
0.807542781078
-0.872598429554
-0.370991208727
-1.61622737621
0.694889930531
-0.591260999829
-1.0051620797
0.728120702887
-2.1484250914
0.979993908714
-0.151864911033
0.97176764996
1.4641292355
-0.324282257111
-0.655659696483
-0.34681842168
-0.400686451567
1.34569859393
-0.753766100499
-0.788536900528
-0.408653457038
-0.406603967985
-1.06317277738
-0.733575919025
0.29094637872
1.54634297712
-0.0783793817401
-0.546502866124
-0.134072311138
-1.06682202336
0.52671817249
0.845511865108
-0.720799495717
0.423191128325
-0.500261256148
0.135357705222
-0.328442316782
-0.86218178378
0.353033312718
-0.921767331716
-1.19567092819
0.178424394655
0.987248232559
-0.703940299379
-0.874951349584
-0.232353147623
-0.421018381865
-1.71175690892
-0.44085599519
-0.655776202832
0.84408129253
-0.857683384157
-0.699429424253
-1.37794483312
-0.747412434502
-0.559361664505
0.529434699486
-0.602908362096
0.914194229366
2.01704981015
0.614072675296
0.937748288964
-0.777645688195
0.296734512809
-0.0364804299064
-0.478013021674
-0.798620499423
-1.61882413768
1.36442436766
0.24576657719
-0.447983129408
1.01289732815
0.572137365963
-0.19669567907
-0.256093104687
-0.0842364543621
-0.441446946123
-0.849564486396
0.727639475236
0.49504681777
0.152183584546
0.0414248406348
-1.2421414636
-0.955971799362
-0.183313000625
0.534849063073
0.908824424266
0.0486816153073
0.117947264079
-0.196357815279
1.3132222062
0.149455147912
-0.0795428217112
-0.248066281594
-0.248501249973
-0.778732159116
-0.243153291993
1.48155511964
0.30217390555
0.326891307546
-0.626725173308
-0.540783198776
0.113664419643
-1.31948289606
-0.689210719581
-0.926021029657
0.0448995459848
-2.66841248475
-0.284575829201
1.05547595079
1.0481185836
0.781036602713
1.71558961704
-0.675728930154
-0.518346252669
0.218988949283
0.356981294693
1.35695163612
0.0205422908038
0.702388232318
0.431171381628
-0.685762680484
0.754657236886
-0.0529977148672
1.32433964834
1.75509266278
-0.856886549696
1.57809553413
-1.01472567793
0.119807472394
0.121139875719
1.65943383981
-0.590719937799
0.963526180648
-0.422892306103
0.0909038199194
-2.85417856453
-1.57346203135
0.984956951837
1.14664640233
-0.28276943801
-0.664747436526
0.618168592539
-2.05109216084
1.46351246745
0.698059059651
0.985374235401
-0.472295008061
0.689877146076
0.738014419742
0.309661274192
-0.19964672944
-0.294797357276
0.0620164151295
-0.0179239421098
-3.39208155395
1.28395937106
-0.799540615525
-0.264878376341
1.69708445576
0.193320372348
-0.812252126236
-0.142477970324
-1.58023758345
-0.34108900757
0.129657417089
1.08716528224
-1.01934192099
1.31976911607
0.733802796417
-1.09066489471
0.882041959731
-0.0839326390806
0.975629191758
-1.31684244761
0.208878446365
-0.696941584983
-1.49925197398
0.402796188152
0.521581586393
-1.80748166458
-0.395473163248
0.711449409793
0.575669943452
-1.43053000972
-0.794611841337
0.277615164351
0.310997275118
0.279104789358
0.662836826529
-2.48641481247
1.12357209577
-1.19798829413
0.803752766728
-0.124573638001
-0.61802429314
-0.251542530705
-0.611395987084
-0.889227422555
0.305626095979
0.57185231405
0.748413910166
-1.73116120419
-0.343645112051
-0.00913283382415
1.52933860629
-2.25790065818
-1.27448139695
0.956290178702
-0.122430184977
0.81493883193
0.760033680875
0.856235680717
1.0000532171
-0.384952157153
1.41582342298
-0.0530976624217
0.934902389362
0.33430301053
0.721423359519
0.320734994086
0.644868902851
-0.504106596845
0.444018134077
0.585331140786
-0.865527959913
0.686438270214
-0.86821758162
-0.655357766821
-0.112353776316
0.205807767031
1.4522646354
