0
0
0
0.773195876
0.31
0
0
0.22875817
0.197080292
0.032388664
0
0
0
0.628571429
0
0
0.060869565
0.083682008
0.196363636
0.032846715
0
0
0
0
0
1.530612245
0
0
0.055921053
0.430107527
0
0
0
0
0.14516129
0.413461538
0
0.2
0.486921529
0.14600551
0
1
0
0
0
0
0.351724138
0
0.042666667
0.208609272
0
0
0
0
0.671641791
0.901234568
0
0.469387755
0
0.5625
0
0
0.955555556
0
0
0
0.364341085
1.590747331
0.225877193
0.343675418
1
0
0
0.372093023
0
0
0
0.310880829
0.191815857
0
1
0
0
0
0
0
0.2
0
0.081272085
0.256410256
0
1
0.763888889
0
0
0
0.233918129
0.423255814
0
0.236220472
0
1
0
0
0
0
0
0
0.537688442
0.011406844
0
0
0
0.25
0
0.266666667
0.712707182
0
0
0
0
0
0
0.615384615
0.444444444
0.481481481
0.196261682
0.434065934
0.092857143
0.058035714
0
0
0
0
0.37037037
0.258741259
0.214285714
0.128205128
0.170731707
0.072625698
0
0
0.333333333
0.368421053
0.318965517
0.293103448
0.144230769
0.31838565
0.345070423
0.049608355
0
0
0
0
0
0
0
0
0.142857143
0.15755627
0
0
0
0
0
0
0.191304348
0
0.113496933
0.410071942
0
0
0
0
0
0.281818182
0.724770642
0
0.353658537
0.191222571
0
1
0.548387097
0
0
0
0
0
0.534954407
0.156542056
1
0
0
0
0
0
0
0.064615385
0.292537313
1.050228311
0
0
0
0.635135135
0
0.618181818
0.259459459
0
0.108108108
0.17114094
0
0
0
0.694444444
0.164705882
0
0
0
0
0.203342618
0
0
0.936708861
0.819444444
0
0
0.18902439
0
0.351485149
0.303977273
0
0
0.757575758
0
0
0
0.056603774
0.14619883
0.353697749
0
0
0
0
0
0
0.5
0.08
0.452054795
0.24260355
0.782369146
0
0
0.5
0
0
0.12345679
0.50625
0.290322581
0.084
0.07027027
0
0
0
0
0
0
0
0.550239234
0.622302158
0.696172249
0
0
0
0
0
0.0875
0.12244898
0
0.149295775
0.052434457
0
0
0
0
1.333333333
0.289473684
0.150406504
0
0.231034483
0.56302521
0
1
0
0
0
0
0
0
0
0.09569378
0
0
0
0
0
0
0
0.101522843
0.149090909
0.300859599
0
0
0.971428571
0
0
0.075
0
0.279166667
0
0.21038961
0
0
0
0
0
0.153846154
0
0.335443038
0.202380952
0.170666667
0
0
0
0
0
0
0.690909091
0
0
1.160278746
0
1
0
0
0.932038835
0
0.136986301
0
0
0
0
0
0
0
0.333333333
0
0
0
0.564564565
0.139917695
0
0
0
0
0.348837209
0.5
1.024
0.117117117
0
0
0
0
0
0.52238806
0
0.186440678
0
0.026143791
0.399224806
0
0
0
0
0
0
0.175
0
0.067901235
0.068062827
0.049046322
0
0
0
1.213483146
0
1.011904762
0.189542484
0.111553785
0
0.015625
0
0
0
0
0
0.306451613
0
0.070175439
0.136200717
0.25415677
0
0
0
0
0
0
0
0
0.062780269
0.252983294
0
0
0
0
0
1.092592593
0.86013986
0.408376963
0
0
0
0
0
0
0
0
0.318181818
0.303571429
0.138263666
0.388429752
0
0
0
0
0
0
0.496124031
0.061349693
0.06557377
0.1484375
0
1
0
0
0.627906977
1.037037037
0.106666667
0.201298701
0.180473373
0.903954802
0
0
0
0
0
0
0.161073826
0.378947368
0
0.276657061
0
0
0.5625
0
0.814814815
0
0.076923077
0
0
0.078378378
0
0
0
0
0
0
0
0
0.128301887
0.435294118
0
0
0
0
0.246153846
0.213333333
0.075
0.336244541
0.204444444
0.090252708
0
0
0
0
0
0
0.725274725
0.948717949
0.301652893
0.265671642
0
1
0
0.315384615
1.524590164
0.894230769
0.25984252
0.74
0.263374486
0
0
0
0.368421053
0
0
0
1.060344828
0.461038961
0.255555556
0.114893617
2
0
0
0
0.363636364
0.923076923
0.855421687
0.118110236
0.494545455
0.266129032
0
0
0.648648649
0
0
0.116438356
0
0.225165563
0.27016129
0.273684211
0
0
0
0.87804878
0
0.310344828
0
0.159235669
0
0.071428571
0
0
0
0
0
0
0
0
0.529069767
0
0
0
0
0
0
0.223140496
0
0
0
0.312182741
0
0
0
0.804878049
0
0.244897959
0
0.26344086
0.08203125
0
0
0
0
0
0
0
0.678571429
0
0.141304348
0
0
0
0
0
0
0
0.737704918
0
0.07421875
0.280555556
0
0
0
1.403846154
0.253968254
0
0
0.226950355
0.487719298
0.200945626
0
1
0
0
0
0.05785124
0.116504854
0
0.131868132
0.299638989
0
0
0
0
0
0
0.264248705
0.312101911
0.128472222
0.156097561
0
0
0
0
0.222222222
0.285714286
1
0.542168675
0.283185841
0.184466019
0
0
0
0
0.40625
0.508196721
0.676829268
0
0
0.403125
0
1
0
0
0
0.52173913
0
0
0.12371134
0.051502146
0
0
0.368421053
0
0
0
0.107526882
0
0
0.207843137
0
0
0
0
0.415384615
0
0.480769231
0
0.766891892
0.361344538
0
0
0
0
0.08
0.462365591
0
0
0.093406593
0.223325062
0
1
0
0
0
0
0.417475728
0
0.392694064
0.530120482
0
0
0
0.375
0
0.393258427
0.359375
0.046666667
0.089700997
0.10367893
0
0
0
0
0
0
0
0.262773723
0
0.017301038
0
0
0
0
0
0
0
0.1375
0.23857868
0.408408408
0
0
0.574468085
0
0.577777778
0.264150943
0.297468354
0.081521739
0.217105263
0.109467456
0
0
0.612244898
0
0.544117647
0
0.230215827
0.148648649
0
0.16091954
0
0
0.472222222
0
0
0
0
0.125925926
0.287878788
0.446859903
0
0
0
0
0
0
0
0
0
0.086419753
0
0
0
0
0.472727273
0
0
0.265060241
0
0.043478261
0
0
1.362318841
0.34375
0
0.418604651
0.126126126
0
0
0.514492754
0
0
0
0
0
0
0.344444444
0
0.149825784
0.533101045
0
0
0
0.4
0
0.333333333
1.15
0.160869565
0.303867403
0
0
0
0
0
0
1.224806202
0.121495327
0.327272727
0.111111111
0.198717949
0
0
0
0
0
0.337078652
0
0.105882353
0.178571429
0.183006536
0
0
0
0
0
0
0.242857143
0.316129032
0.07751938
0.119186047
0
0
0
0.5
0.416666667
0.385714286
0.61
0
0.066390041
0
0
0
0
0
0.351351351
0.190082645
0.151785714
0.342465753
0.06984127
0.111111111
0
0
0
0
0
0
0.567375887
0
0.170731707
0.088709677
0
0
0
0
0
0.219512195
0
0.157894737
0.122905028
0
0
0
0
0
0.444444444
0
0.451219512
0
0
0
0
0
0
0
0.193181818
0.577981651
0
0.294416244
0.091324201
0.081272085
0
0
0
0
0.5
0.129032258
0
0.188405797
0
0
0
0
0
0
0
0
0.093457944
0.107758621
0.62170088
0.482071713
0
0
0.695652174
0
0.285714286
0
0.225490196
0.060402685
0.089820359
0.315315315
0
0
0
0
0
0
0.669724771
0.174887892
0
0.051282051
1
0
0.8
0
0
0.367816092
0.586538462
0.422818792
0.153333333
0
0
1
0
0.42
0
0.517241379
0.190677966
0.126760563
0
0.131428571
0
0
0
0.414141414
0
0
0.62962963
0.367521368
0.234042553
0.097777778
0
0
0
0.5
0
0.369230769
0.21
0.285024155
0.262745098
0.130111524
0
0
0.210526316
0
2.507462687
0.472
0
0.24
0.051948052
0.080962801
0
0
0
0
0
0.198473282
0
0
0.276679842
0.397183099
0
0
0
0
0.534246575
0
0.514492754
0.494117647
0
0.023809524
0
0
0
0
0
0
0.465116279
0.68877551
0.422222222
0
0
0
0
0
0
0.254901961
0
0
0.071428571
0.123339658
0
0
0
0
0.3125
0
0
0
0
0.145015106
0
0
0
0
0
0.338709677
0.759615385
0.222222222
0.083333333
0.0625
0
0
0
0.349206349
0.446808511
0.615384615
0
0
0.076923077
0.096573209
0
0
0
0.2
0
0
0.122807018
0.212121212
0.113013699
0.042553191
2
0
0
0
0
0.457142857
0.2
0
0.150442478
0.019169329
0
0
0
0
0
0.163934426
0
0.210144928
0.401015228
0.096514745
0
0
0
0.5
0
0.097560976
0.861111111
0.151394422
0.26910299
0.0875
0
0
0
0
0
0.193181818
0.230769231
0
0.085365854
0.488549618
0
0
0
0
0
0.6875
0.18452381
0.111888112
1.462897527
0.285340314
0
0
0.72
0.393442623
0
0
0.233333333
0.901162791
0
0.491452991
1
0
2.419354839
0
0.555555556
0
0
0
0.182389937
0.098654709
4
0
0
0
0
0.390070922
1.076576577
0
0.119791667
0
1
0
0
0
0.203125
0.258823529
0.221238938
0
0.325878594
0.916666667
0
0
0
0
0.653846154
0
0.215053763
0
0.092485549
0.028571429
0
0
0
0
0
0.325396825
0.390804598
0.168674699
0
0
0
0
0
0
0
0
0.038461538
0.198830409
0.791855204
0.134986226
0
0
0
0
0
0.317073171
0.180327869
0
0.043209877
0.09375
0
0
0
0.559322034
0
1.282608696
0
0.075757576
0.237410072
0.212121212
0
0
0
0
0.543478261
0
0.126984127
0.225352113
0.233009709
0.191489362
0
0
0
0.244444444
0
0.617021277
0
0.124324324
0.341232227
0.081355932
0
0
0
0.578947368
1.0625
0
0
0.144827586
0.126126126
0.404929577
0
0
0
0
0
0.511627907
0.177304965
0
0.438502674
0.240121581
0
0
0
0
0
0.454545455
0
0.063636364
0
0.327380952
0
0
0.607142857
0
0.225
0.333333333
0
0.549839228
0.641196013
0
0
0
0.947368421
0.407894737
0.684210526
0
0
0
0.127795527
0
0
0
0
0
0.425531915
0
0.2875
0
0.287356322
0.071129707
0
0
0
0.222222222
0
0.333333333
0.45045045
0
0.585365854
0.128571429
0
0
0
0
0
0.413043478
0
0.223776224
0.236842105
0.284722222
0
0
0
0
0
0
0.130769231
0
0.161290323
0.15
1
0
0
0
0.36
0
0
0
0.153110048
0.037174721
0
0
0
0
0
0
0.122641509
0
0.48115942
0.11
0
0
0
0
0.52
0
0.534351145
0
0.147679325
0.604
0
0
0.307692308
0
0
0
0.233333333
0.032
0.655737705
0
0
0
0
0
0
0
0.247933884
0.15
0
0.063909774
1
0
0
0.344827586
0.5
0
0.088235294
0
0
0.122324159
0
0
0
0
0
0
0.982142857
0.328244275
0
0
1
0
0
0
0
0.142857143
0
0
0.265957447
0.314685315
0
0
0
0
0.465517241
0.461538462
0
0.445945946
0.263157895
0.169642857
0
1
0
0
0
0.512195122
0.344827586
0.174825175
0.11440678
0.128930818
0
0
0
0
0
0
0.15
0.157068063
0.343891403
0
0
0
0
0
0
0
0.276836158
0.747826087
0
0.1484375
0
0
0.442622951
0.381578947
0
0.234042553
0
0
0.46835443
0.196875
0
0
0
0
0.85
0.0375
0.108910891
0
0.014925373
0.385224274
0
0
0
0
0.566037736
0
0.3125
0
0.257009346
0.036912752
1
0
0
0
1.454545455
0
0.21978022
0
0
0.267326733
1
0
0
0
0.148148148
0.403846154
0.258928571
0.132352941
0.206278027
0.163424125
0
0
0
0.107142857
0
0.291666667
0
0
0.089456869
0.15483871
1
0
0.481481481
0
0
0
0.106870229
0.089201878
0.080882353
0
0
0
0
0
0.661016949
0
0
0
0.316793893
0.335443038
0
0
0.523809524
1.085714286
0
0.069767442
0.1953125
0.175757576
0
0.046979866
0
1
0
0
0
1.081967213
0.230769231
1.025641026
1.154471545
0.104722793
0
0
0
0.411764706
0
0
0
0
0.160493827
0.092409241
6
0
0
0.490196078
0
0
0
0.210526316
0
0
0
1
0.805555556
0
0
0
0.495238095
0.232
0.156716418
0.404444444
1
1
0
0
0
0
0.082474227
0.147058824
0
0.30625
0
0
0
0
0
0
0.072463768
0
0.081081081
0
0
0
0
0
0
0.564705882
0.142857143
0.953020134
0
0.293209877
0
0
0
0.277777778
0
0.382022472
0
0.231092437
0
0.06993007
0
0
0
0
0
1.403508772
0.442922374
0.049723757
0.551971326
0.088607595
0
0
0.727272727
0
0
0
0.038095238
0.173553719
0.725146199
0.05862069
0
0
0
0.693333333
0
0.128787879
0
0
0.057416268
0.043227666
0
0
0
0
0
0.642201835
0
0.431734317
0.084745763
0.167381974
0
0
0
0
0
0.577319588
0
0
0.026229508
0.019607843
0
0
0
0
0
0.371069182
0
0
0.343629344
0.205323194
0
0
0.627906977
0
0
0
0
0.085714286
0
0.406349206
0
0
0.307692308
0
0
0.099236641
0.045751634
0.091240876
0
0.053291536
0
0
1.157894737
0
0
0.592592593
0.26618705
0
0.08797654
0.113744076
0
0
0
0
0
0
0
0
0.208835341
0.229571984
1
0
1.2
0
0
0
0.274193548
0.27480916
0.101694915
0.505747126
0
0
0
0
0.666666667
0
0
0
0.321678322
0.071856287
0
0
0
0
0.389830508
0.112903226
0.201492537
0
0.24
0.087412587
0
0
0
0
0.387096774
0
0.209090909
0.602409639
0.110091743
0.181585678
0
0
0
0
0
0
0
0.131455399
0.275757576
0.351498638
0
0
0
0
0
0
0.472
0.392026578
0.393518519
0.089605735
0
0
0
0
0
0.454545455
1.109489051
0.05511811
0.334710744
0
0
0
0.604651163
0.464285714
0
0
0
0
0
0
0
0
0
0.64
0.358490566
0
0.675159236
0.138728324
0.376470588
0.14600551
0
0
0
0
0
0
0.314285714
0.191780822
0.307692308
0.063711911
0
0
0
0
0
0.075268817
0
0
0.043478261
0.207964602
0
0
0
0
0
0
0
0
0.112745098
0.046594982
0
0
0.813953488
0
0
0
0
0.398496241
0.326530612
0.111842105
0
0
0
0
0
0
0
0.323308271
0.104477612
0.10483871
0
0
0
0
0
0
0
0.150442478
0.09765625
0
0
0
0
0
0
0
0.323529412
0.202702703
0.076923077
0.404255319
0
1
0
0.405405405
0.652173913
0.658730159
0.839285714
0.276041667
0.182481752
0.364217252
0
0
0
0.451219512
0
0.223214286
0.195804196
0.094594595
0
0.251851852
0
0
0
0
0
0.406976744
0
0
0.075630252
0
0
0
0
0
0.333333333
0
0.352941176
0.251851852
0.007168459
0.777027027
0
0
0
0
0.25
1
0.459259259
0.178861789
0.459930314
0.136729223
0
0
0
0
0
0
0.136
0
0.053763441
0
0
0
1.533333333
0
0
0
0
0.101796407
0
0.217090069
0
0
0
0
0
0.537634409
0
0.208860759
0
0.155844156
0
0
0
0
0.482758621
0
0
0
0
0.170940171
0
0
0
0
0
0
0.085714286
0.241573034
0
0.201954397
1
0
0
0
0.764705882
0
0.155844156
0
0
0.301123596
0
0
0.928571429
0
0
0.079646018
0
0
0
0.431818182
0
0
0
0
0
0
0
0.317757009
0
0.075098814
0
0
0
0
0
0.327586207
0
0
0
0
0
0
0
0
0
0
0
0
0.287272727
0
1
0
0
0
0.354166667
0
0
0.197530864
0.068322981
0.227963526
0
0
0
0
0.975609756
0
0.356756757
0
0
0.289099526
0
0
0
0
0
0
0.051282051
0.149606299
0
0
0
0
0
0
0
0
0.126760563
0.345238095
0.240566038
0
0
0
0.4
0
0
0
0
0.348066298
0.216949153
0.058577406
0
0
0.973684211
0
0
0.281690141
0.115384615
0.131428571
0.086956522
0
0
0
1.777777778
0
0.563636364
0
0.462809917
0
0
0.196
0
0
0
0
0
0
0.648148148
0.161111111
0
0.070028011
0
0
0
0.647058824
0
0.340909091
0.353535354
0
0.060386473
0.112781955
0
0
0
0
0
0.211009174
0.61971831
0.594827586
0.350180505
0.129230769
0
0
0.614035088
0
0
1.139130435
0
0.037037037
0.397993311
0.151515152
0
0
0
0.377358491
0
0
0
0
0.027027027
0.358974359
0
0
0.75862069
0
0
0
0
0.284172662
0.221374046
0.11969112
0
0
0.728813559
0
0
0
0.084745763
0
0.062283737
0.045454545
0
0
0
0
0
0.25
0
0.209302326
0.182978723
0
0
0
0.633333333
0
0
0
0
0.562992126
0.575
0.088888889
0
0
0
0.615384615
0.740740741
0
0.372881356
0.124260355
0.011235955
0.10543131
0
0
1.428571429
0
0.275362319
0
0.288288288
0.347826087
0
0
1
0
0
0
0
0.22
0.154545455
0.457746479
0.132352941
0.163424125
0
0
0
0
0
0
0
0
0.111570248
0.072847682
0
0
0
0
0
0.419354839
0
0
0.082706767
0.101298701
0
0
0
0.847826087
0
0
0.397435897
0.837398374
0.54
0.183257919
0
0
0
0.391304348
0.295454545
0.884057971
0.315789474
0.082758621
0
0.0861678
0
0
0
0
0
0.131868132
0
0
0.18902439
0.328358209
0
0
0
0.260273973
0
0
0.235294118
0.05
0.173770492
0.412868633
0
0
1.5
0
0
0.142857143
0
0.130434783
0
0
0
0
0
0
0
0
0
0.128712871
0.112970711
0.099447514
1
0
0.619047619
0
0
0
0
0
0.177595628
0.07852194
0
0
0
0
0
0
0.054347826
0
0.194835681
0.317204301
0
0
0
0
0.313432836
0
0.641221374
0.227848101
0.545454545
0.065292096
2
2
0.473684211
0.369230769
0
0.137931034
0.674698795
0
0
0.777070064
1
0
0.181818182
0
0.181818182
0.146341463
0
0.75
0.411764706
0.307917889
0
2
0
1.779220779
0.641791045
1.147368421
0.029239766
0
0.037453184
0
1
0
0
0.451612903
0
0.592920354
0.365517241
0
0.459016393
0.089918256
0
1
0
0
0
0.453125
0
0.671111111
0
0
0
0
0
0
0
0
0.169491525
1.299401198
0.457013575
0
0
0
0.617647059
0.724137931
0
0
0.299401198
0.432432432
0.135135135
0.180451128
0
0
0
0
0
1.048076923
0.301075269
0.837209302
0.430434783
0.212560386
0
0
2
0
0
0
0.081967213
0.104166667
0
0.266666667
0
0
0.823529412
0
0
0
0
0.16
0.02955665
0.238461538
0
0
0
0.082191781
0
0.173913043
0.195530726
0.488636364
0
0.040178571
0
0
0.808510638
0.433962264
0
0
0.120603015
0.157232704
0.322580645
0.423791822
0
0
0.933333333
0
0.326530612
0
0
0
0.027888446
0
0
1
0
0
0
0.044117647
0
0.462962963
0.34965035
0.125874126
1
0
0
0
0
0
0
0.2125
0.238493724
0
0
0
0
0
0
0.23943662
0.185185185
0
0
0.144927536
0
0
0
0.075757576
0
0.757575758
0
0.634020619
0.316742081
0
0
0
0
0
0
0
0.121495327
0.183673469
0
0
0
0
0
0.287878788
0.844827586
0
0
0
0.041198502
0.459915612
0
0
0
0
0
0
0.564885496
0.429411765
1.373737374
0.966321244
0
0
0
0
0.34375
0
0
0
0.077220077
0.369047619
0
0
0
0
0
0.764705882
0
0.396984925
0
0.343283582
0
0
0
0.673913043
0
0.162790698
0
0.122302158
0.021276596
0.321525886
0
0
0
0
0
0
0.266233766
0
0
0.057268722
0
0
0
0.518518519
0.588235294
0
0
0.217647059
0.267326733
0.313953488
0
0
0.709677419
0
0
0
0
0
0
0.086956522
0
0
0.432432432
0
0
0.571428571
0
0.233532934
0.295031056
0.25
0
0
0.625
0.704545455
0.435897436
0
0
0
0.2
0.098130841
0
0
0
0.196428571
0
0
0.298507463
0.503496503
0.127777778
0.064189189
0
0
0
0
0
0
0.502304147
0.325396825
0.134615385
0
1
1
1
0
0
0.462962963
0.93220339
0.037878788
0.191977077
0.271126761
1
0
0.714285714
0
0.268292683
0
0
0.613733906
0
0
0
0
0
0
0
0
0.254545455
0.66
0.314935065
0.141700405
1
0
0
0
1.180327869
0.718518519
0
0.125
0.563953488
0.362616822
0
0
0
0.565217391
0.2
0
0.187878788
0.421296296
0.14953271
0.104761905
0
0
0.528301887
0
0
0.25
0.411290323
0
0.138996139
0.814285714
0
0
0
0.418604651
0
1.202380952
0
0.221311475
0.077319588
0
0
0
0
0
0
0
0.198019802
0.241610738
0
0.151862464
0
0
0
0
0
1.006993007
0.027777778
0.126984127
0.157232704
0.209726444
0
0
0.380952381
0.46969697
0
0.676470588
0
0
0.465909091
0.1003861
0
1
0
0.693181818
0
0
0.656934307
0.228571429
0.240174672
0.595185996
0
0
0
0
0.814285714
0
0.052631579
0.133971292
0.091891892
0.013452915
0
1
0
0
0
0
0
0
0
0.124661247
0
0
0.571428571
0
0
0.337349398
0.222222222
0
0.040322581
0.050167224
0
0
0
0.659090909
0.177419355
0.62962963
0.109375
0.355932203
0.035971223
0.131578947
0
0
0
0.466666667
0.739130435
0
0
0.090163934
0
0.027334852
0
0
0.684210526
0.548387097
0
0
0.981481481
0
0.22
0.068181818
0
0
0
0
0.515151515
0
0
0.212121212
0
0.017467249
0
0
0.709677419
0
0
0
0
0.761904762
0.197674419
0
0
0
0
0
0
0
0
0.217391304
0.046242775
0.143859649
0
0
0
0
0
0.954954955
0.393939394
0.254807692
0
0.225680934
0
0
0
0.756097561
0
0
0
0.391489362
0.390625
0.085603113
1
0
0
1.043478261
0
0
0.221153846
0
0.252788104
0.160714286
0
0
0.11627907
0
0.382352941
0
0.113207547
0.05
0.426315789
0.431746032
0
0
0
0
0
0.798245614
0
0.236220472
0.409326425
0.141176471
0
0
0.207920792
0.604166667
0
0
0
0.092783505
0.337254902
0.090497738
0
0
0
0
0
0.5
0
0.14
0.367346939
0.022026432
1
0
0
0.431372549
0
0
0.945
0.101694915
0.161512027
0.271676301
0
0
0
0.421568627
0
0
0
0
0.098305085
0.022792023
0
0
0
0
0.659090909
0
0.298136646
0
0.128571429
0.309405941
0
0
0
0.453125
0
0.311111111
0
0
0.397759104
0.560553633
0
1
1
0.348484848
0
0
0
0.166666667
0.259493671
0.125
0
0
0
0
0.532467532
0
0
0
0.101083032
0.097142857
1
0
0
0.954545455
0
0
0.920634921
0.296460177
0
0.398601399
0
0
0
0
0
0.56
0.175257732
0
0.377483444
0.105042017
0
1
0
0
0
0
0
0.074074074
0
0.076452599
0
0
0
0.315789474
0
0.061946903
0.306451613
0
0.147679325
0.120521173
0
1
0
0
0
0.568181818
0
0
0.14532872
0
1
0
0
0
0
0
0.344262295
0.303030303
0.629090909
0.178030303
0
0
0.928571429
0
0
0.537190083
0.515789474
0.107142857
0.371559633
0.361623616
0
0
0
0.523809524
0
0
0
0.151515152
0.257425743
0.112403101
0
0
0
0
0
0
0.573099415
0
0.335051546
0.086592179
0
1
0
0
0.12745098
0.44
0
0.445595855
0.261538462
0.402515723
0
0
0
0
0.528089888
0.930434783
0
0.121621622
0.228
0.133874239
0
0
0
0.454545455
0.836956522
0
0
0
0.353191489
0.149635036
0
0
0
0
0
0
1.053763441
0
0
0.575510204
0
0
0
0
0.287356322
0
0.297142857
0.81147541
0.173553719
0
0
0
0.380952381
0.763636364
0.305084746
0.242424242
0
0
0
0
0
0
0
0
0
0
0
0.102409639
0.012578616
0.040268456
0
0
0
0
0
0
0.233333333
0
0.044444444
0.179577465
0
0
0
0.490909091
0
0.627906977
0.128712871
0
0.120448179
0
0
0
0
0
0
0.80952381
0
0
0
0.100323625
0
1
0
0
0
0.34375
0
0.357142857
0.019011407
0.93255132
0
0
0
0
0
1.26
0
0.07860262
0.106707317
0
1
0
0
0
0.5
0
0
0
0.117346939
0.234309623
0
0
0.425531915
0.16
0
0.06122449
0.247058824
0.130841121
0.133484163
0.157534247
0
0
0
0
0.261904762
0
0
0
0.288043478
0.217847769
0
0
0
0
0.388888889
0
0
0.333333333
0.272300469
0.067114094
0
0
0
0
0.218181818
0
0
0.139130435
0.276595745
0.190769231
0
0
0
0
0.228070175
0.198275862
0.105263158
0.316326531
0.488970588
0.057971014
0
0
0.518518519
0
0
0.229508197
0
0.279220779
0.09469697
0.178707224
0
0
0
0.35
0
0
0
0
0
0.179487179
0
0
0
0
0
0
0.225
0
0.030172414
0.08984375
0
0
0
0
0.210526316
1.092105263
0.36746988
0
0
0.092356688
0
0
0
0.366666667
0
0.76635514
0.730434783
0.043478261
0.600638978
0.448717949
0
1
0.853658537
0
0
0
0.408888889
0.123809524
0.050561798
0.188405797
0
0
0.897435897
0
0.692307692
0
0.807017544
0
0
0
0
0
0
0
0.54
0.545454545
0.574766355
0
0.833740831
0.646396396
0
0
0
0
0
0.576271186
0.12371134
0
0.120833333
0.190789474
0
0
0
0
0
0.298701299
0
0
0
0.158249158
0
0
0
0.754098361
0.244444444
0
0.171875
0.171428571
0.094155844
0.179640719
1
0
0.575757576
0
0
0
0.271186441
0
0.811764706
0.217948718
0
0
0
0
0
0.88
0.125874126
0.044117647
0
0.25477707
0
0
0
0
0
0.377777778
0
0
0.512953368
0.346007605
0
0
0
0
0
0.105960265
0.055555556
0
0.221238938
0.114285714
0
0
0
0.391304348
0
0
0.206349206
0.06763285
0
0.258660508
1
0
0
0
0
0.25974026
0
0
0.218623482
0.133333333
0
0
0
0
0.5
0
0
0.137254902
0.06374502
0.341880342
0
0
0.95
0
0.205882353
0
0.39869281
0.2109375
0.134387352
0.124137931
1
0
0.75
0
0
0
0.211111111
0.370833333
0.345549738
0.241590214
0
2
0
0
0
0
0.763358779
0.11814346
0.069892473
0.049707602
0
0
0
0
0
1.393162393
0.192307692
0
0.266233766
0.028301887
0
0
0
0
0
0
0
0
0.050691244
0.043478261
0
0
0
0.518518519
0.428571429
0
0
0.286885246
0.229559748
0.05204461
0
0
0
0.813559322
0.323076923
0
0
0.165803109
0.258706468
0.103202847
0
0
0
0
0.465909091
0
0.111111111
0.181818182
0.052083333
0
0
0
0
0.063829787
0
0
0
0.348837209
0
0.11827957
0
1
0
0
0
0.145454545
0
0.201030928
0
0.226229508
0
0
0
0
0
0.560747664
0
0
0
0
0
0
0
0
0.4375
0.307692308
0
0
0
0.056213018
0
0
0
0
0
0
0.284552846
0.076502732
0.24120603
0.046511628
0
0
0
0
0
0.186813187
0.190839695
0.569767442
0
0
0
0
0.487804878
0.634146341
0
0.126436782
0.275862069
0
0.207253886
0.321192053
0
0
0
0
0.676470588
1.183673469
0
0
0.233944954
0.251082251
0
0
0.6
0.567567568
0.981818182
0.294871795
0
0.152416357
0.04
0.206586826
0
0
0.74
0.549295775
0
0.648148148
0
0
0.444816054
0.070866142
0
0
0
0.761904762
0
0.467741935
0.357894737
0.723529412
0.26911315
0.088560886
0
0
0
0
0.735849057
0.540229885
0.342465753
0.468085106
0.027210884
0
0
0
0
0.566037736
0.511111111
0.442622951
0.710526316
0.086956522
0.15
0
0
2
0.3
0.383333333
0.298076923
0
0.669421488
0.797297297
0.029962547
0
0
0
0
0
0.369863014
0.129310345
0.423076923
0.068965517
0.095041322
0.13671875
1
0
0
0
0.297297297
0
0
0.195121951
0.064814815
0.114197531
0
0
0
0
0
0
0.2
0.336956522
0.322580645
0.283549784
1
0
0
0
0
0
0.208588957
0
0.027950311
0.081967213
0
0
0
0
0.381578947
0
0
0.091666667
0
0.306306306
0
0
0
0
0
0
0.129533679
0.057142857
0.253132832
0.081871345
1
0
0.625
0
0
0.148648649
0
0.142857143
0.081395349
0.097826087
0
1
0
0
0.351648352
0
0.443037975
0.255813953
0.146118721
0.131578947
0
0
0
0
0.553571429
0
0.168
0.139896373
0.198156682
0.255555556
0
2
0
0.446428571
0.35483871
0.189189189
0
0.062222222
0.142201835
0.233716475
0
0
0
0.395348837
0.871287129
0.35483871
0
0.074468085
0.056338028
0.406727829
0
1
0
0
0.333333333
0
0
0
0.05952381
0
0
0
0.933333333
1.578947368
0
0.601941748
0.203389831
0.099601594
0.631944444
0.047945205
0
0
0
0
0
0
0.676829268
0.352
0.11038961
0.03125
0
0
0
0
0
0.254098361
0.155737705
0.481927711
0
0.207253886
0
1
0.333333333
0
0
0
0.522727273
0.511278195
0
0
0
0
0
0
0.283950617
0.527777778
0.545454545
0
0.045685279
0.20233463
1
0
0
0.419354839
0.272727273
0
0
0
0
0
0
0
0
0.529411765
0
0
0
0
0.088082902
0.125603865
0
0
0
0
0
0
0
0.224358974
0.278911565
0.037940379
0
0
0
0
0.373493976
0
0
0.356807512
0.230125523
0
0
1
0
0.375
0.417910448
0
0.392070485
0
0.497206704
0.091286307
0
0
0
0
0
0.61682243
0
0.372781065
0
0.09602649
0
0
0
0
0
0
0.615384615
0.359832636
0.324022346
0.2
0
1
0
0
0
0.20661157
0.22147651
0.198924731
0.122507123
0.114942529
0
0
0
1.533980583
0.846846847
0.256097561
0.409836066
0.19
0.442857143
0.156156156
0
1
0
0
0.047058824
0.379310345
0.162790698
0
0.0875
0.149122807
0
0
0
1.862068966
0
0
0.401785714
0.427710843
0.182857143
0
0
0
0
0
0
0
0
0.150943396
0.164251208
0.298153034
0
0
0
0
0.6
0.638554217
0.179104478
0
0.115853659
0
0
0
0
1.019230769
0.307692308
0
0
0.376
0
0.167173252
0
0
0
0
0
0
0.31147541
0.191011236
0.344155844
0.025787966
0
0
0
0.631578947
0
0.898305085
0
0.489711934
0.093425606
0.256704981
0
0
0
0
0
0
0.436781609
0.081967213
0.108108108
0.205194805
0
0
0
0.220338983
0.209677419
0
0.570552147
0.588957055
0
0.666666667
0
0
0
0
0
0
0.587878788
0.169902913
0.476987448
0
0
1
0
0.490196078
0
0.272727273
0
0.121212121
0.338983051
0.465425532
0
0
0.307692308
0
0
0
0.786516854
0.217391304
0
0.026315789
0
0
0
1.915789474
0
0.555555556
0.316326531
0
0.194805195
0.089285714
0
0
0.928571429
0
0
0.352380952
0.140350877
0.388888889
0
0.165584416
0
0
0
0
0.175
0.282608696
0
0
0.324723247
0.051051051
0
0
0.888888889
0.64516129
0
0
0.183333333
0.340740741
0.643274854
0.312757202
0
0
0
0
0
0
0
0
0.35530086
0.144092219
0
0
0
0
0
0
0
0.326923077
0
0.038095238
1
0
0.2
0
0.419753086
0
0.176470588
0
0.06779661
0
0
0
0.390625
0
0
0.524390244
0
0.12
0.247706422
0
0
0
0
0
0
0
0
0
0
0.282282282
0
0
0
0
0
0
0
0
0.114173228
0.177777778
0
0
0
0
0.239130435
0
0
0.183908046
0.360655738
0.028571429
0
0
0
0
0
0
0.588652482
0.051282051
0.075268817
0.043010753
0
1
0
0
0.4
0
0.121212121
0
0.077821012
0.137096774
0
0
0
0
0
0
0
0
0.35840708
0.15037594
0
0
0.607142857
0
0
0
0
0
0.355855856
0.338709677
0
1
0
0
0
0
0
0.422857143
0.113636364
0.376811594
1
0
0
0
0.254385965
0
0
0.764102564
0.271604938
0.412969283
0
0
0
0.177777778
0
0
0.306306306
0.290123457
0.186567164
0.031496063
0
0
0
0
0
0
0.176
0
0
0.293918919
0
0
0
0
0
0
0.302631579
0.147435897
0.295
0.026470588
0
0
0
0.725490196
0
0
0.202380952
0.392045455
0
0.610932476
0
0
0
0
0
0
0.618320611
0
0.141732283
0.097046414
0
0
0.952380952
0
0
0
0.197452229
0
0.248908297
0.317220544
0
0
0
0
0.621621622
0
0
0.262857143
0.443548387
0.365079365
0
0
0
0
0.215909091
0.205607477
0.184210526
0.279761905
0.241525424
0.087096774
0
0
0
0.266666667
0
0
0.183333333
0
0
0.468543046
0
0
0
0.45
0
0.203883495
0.441314554
0.387434555
0.236111111
0.441696113
0
0
0.818181818
0
0
0.304964539
0.230088496
0.642335766
0.103225806
0.466453674
0
0
0
0
0
0.303030303
0
0.397058824
0.056818182
0.076923077
0
0
0
0
0
0
0
0.299319728
0.101694915
0.058103976
0
0
0.863636364
0
0
0
0.064
0.284313725
0.20735786
0.3099631
0
1
0
0.403846154
0
0.260869565
0.090909091
0.078431373
0.19269103
0.172093023
1
0
0
0.625
0.266666667
0
0
0
0
0.064516129
0
0
0
0
0
0
0
0
0
0
0
0
0
0.202898551
1.253521127
0.434782609
0.421875
0.318584071
0.323308271
0.234817814
0
0
0
0
0.603960396
0.820512821
0.370165746
0
0.420382166
0.283018868
0
0
0
0.096774194
0.615384615
0
0
0
0.292490119
0
1
0
0
0
0
0
0.193548387
0
0
0.550724638
0
1
0
0
0.09375
0
0
0
0.256756757
0
0
0
0
0.535714286
0
0
0.230769231
0.360248447
0.277108434
0.116009281
0
0
0
0.594594595
0
0.378151261
1
0.21978022
0.07106599
0.083892617
0
0
0
0
0
0
0
0.097744361
0.275862069
0
2
0
0
0
0.195121951
0
0.267716535
0
0
0.130563798
1
1
1.565217391
0.579710145
0
0
0.398148148
0.237288136
1.150442478
0.095063985
0
0
0
0
0
0
0
0.721774194
0.342723005
0.210106383
0
0
0
0
0
0
0
0
0
0.403508772
0
0
0
0
0.388059701
0.12173913
0.514285714
0.49689441
0.35483871
0.166180758
0
1
0
0.14
0
0
0
0.196969697
0.3046875
0.305732484
0
0
0.617021277
0
0.333333333
0
0.285714286
0
0.164021164
0.074468085
0
0
0
0
0
0
0.382352941
0.200956938
0.411016949
0.118343195
0
0
0
0
0
0.517647059
0.234939759
0.106870229
0
0
0
0
0.558823529
0
0
0
0.17
0.265895954
0
0.096866097
0
0
0
0
0.169230769
0
0.468085106
0
0
0.081712062
0
0
0
0
0
0
0.173913043
0.035175879
0
0.072100313
0
0
0
0
0.545454545
0.2
0.369863014
0.443243243
0.111731844
0
0
0
0
0
0
0
0.235955056
0
0.061538462
0
0
0
0
0
0
0.625
0
0.333333333
0.114982578
0.391025641
1
0
0
0
0
0
0.076923077
0.206896552
0.435555556
0.220472441
0
0
0
0
0.4
0
0
0.427135678
0.82739726
0.106217617
0
0
0
1.542168675
0
0.617647059
0
0.085245902
0.337164751
0.274021352
1
0
0.333333333
0
0.585365854
0
0.195402299
1.202830189
0.203389831
0.138157895
0
0
1
0.371428571
0
0.210144928
0.110344828
0.375
0
0.390688259
0
0
0
0
0
0.2
0.15625
0.115044248
0.318452381
0.275862069
0
0
0
0
0
0
0
0
0.180327869
0.855670103
0
0
0
0.093023256
0
0.619565217
0.422535211
0
0.357758621
0.268181818
0
0
0.7
0
0.307692308
0.683168317
0.936363636
0.537931034
0.345098039
0.164705882
0
0
0
0
0
0
0.133858268
0.068493151
0.108695652
0.14213198
0
0
0
0
0
0
0
0.388349515
0.174377224
0
0
0
0
0
0
0.595505618
0
0
0.44375
0.076923077
0
0
0
0
0
0
0
0.321428571
0.388461538
0.267692308
0
0
0
0
1.933333333
0
0.301369863
0.21978022
0.075892857
0.547854785
1
0
0
0
0
0
0
0
0.312195122
0.416938111
0
0
0
0
0
0
0
0
0
0
0
0
1.428571429
0
0
0
0
0
0
1.00967118
0
0
0
0
0
0
0
0.12371134
0.214285714
0
0
0
0
0
0
0.25
0
0.214788732
0.092250923
0.125641026
0
0
0
0.860465116
0.315789474
0.431372549
0.462686567
0
0.344660194
0.16
0
0
0
0
0.482269504
0.234782609
0.568345324
0.438596491
0.648829431
0.186495177
0
0
0
1.368421053
0.481481481
0
0.345132743
0.39
0.189285714
0.434567901
0
0
0
0.577777778
0
0
0.086956522
0
0.092783505
0
0
0
1.63963964
0
0.072289157
0
0.436090226
0.398809524
0.283842795
0.152737752
0
0
0
0
0
0
0
0.279329609
0.175757576
0.114035088
0
0
0
0.869565217
0
0
0
0.347305389
0.247058824
0.158311346
0
0
0
0
0.114285714
0
0.176923077
0
0
0.502439024
0
1
0
0
0.584070796
0
0.078651685
0
0.179245283
0.05
0
0
0
0.470588235
0
0
0.237179487
0.308823529
0
0.083333333
0
0
0
0
0.346153846
1.135802469
0
0.372881356
0.347826087
0.049689441
0
0
0
0
0
0
0.176923077
0.1875
0.082677165
0.165333333
1
0
0
0
0.378378378
0
0.368421053
0.519125683
0
0.079847909
0
0
0.35483871
0
0
0
0.314814815
0.076923077
0
0.178988327
0
0
0
0
0.525423729
0.431818182
0
0.068571429
0.282828283
0.161654135
0
0
0
0
0
0
0
0.137931034
0.138983051
0.319018405
0
1
0
0.108695652
0.513888889
0.663366337
0.205882353
0.533333333
0.114285714
0.098130841
0
0
0
0.658536585
0
0
0.19
0
0.402777778
0
0
0
0
0.672727273
0
0
0
0.661157025
0.488372093
0.347031963
0
1
0.416666667
0.654761905
0.375
0
0.115789474
0.290076336
0.292993631
0.349854227
0
0
0
0.188679245
0
0
0
0
0.046632124
0.071161049
1
0
0
0
0.553571429
0
0
0
0.472103004
0.51910828
0
0
0.8
0
0.413793103
0
0.41509434
0.599118943
0.281512605
0.199300699
0
0
0
0.90625
0
0
0
0.169811321
0.108974359
0.190184049
0
0
0
0
0
0.610169492
0.292682927
0.019047619
0.147619048
0.098976109
0
0
0
0
0
0
0.493333333
0.110047847
0.548042705
0.28358209
0
0
0
0
0.580645161
0
0.147540984
0.392156863
0.267045455
0.04519774
1
3
0
0.722222222
0
0
0.105769231
0
0
0
0
0
0
0
0
0
0
0
0
0.333333333
0
0
0
0
0
0.164179104
0.053191489
1.015503876
0.080508475
0
0
0
0
0
0
0
0
0
0.54
0.097014925
0
0
0
0
0
0
0
1.049180328
0.252941176
0.131195335
0
2
0.454545455
0
0
0.875912409
0
0
0.712707182
0.247011952
0
0
0
0
0
0.22
0.774193548
0.298850575
0.230088496
0
0
0
0
0.780821918
0.859649123
0.120689655
0
0
0.157894737
0.368421053
0
0
0
0
0
0
0
0.324324324
0
0.052742616
0
0
0
0
0
0.195402299
0.388888889
0.932806324
0.104417671
0.12962963
0
0
0.737704918
0
0
0
0
0.367647059
0.088372093
0.023715415
1
0
0.583333333
0.448979592
0.465517241
0.929292929
0
0.293413174
0
0.100222717
0
0
0.47826087
0
0.25
0.3515625
0.2109375
0
0
0.157446809
0
0
0
0
0
0.236111111
0
0.340659341
0.380136986
0.116022099
0
1
0
0.388888889
0
0.542857143
0.225352113
0
0.133152174
0.373134328
0
0
0
0.306818182
0
0
0.023809524
0
0
0.297297297
0
0
0
0.42
0.176470588
0.3625
0
0
0.110344828
0.090592334
0
0
0
0.053191489
0.647058824
0
0.417721519
0.077348066
0.124352332
0.177606178
0
0
0
0
0
0
0
0
0
0.220338983
0
0
0
0
0
0.367088608
0
0.201754386
0
0
0
0
0
0
0
0.239726027
0
0
0.721712538
0.471428571
2
0
0.482758621
0
0
0
0.106145251
0
0
0.008219178
0
0
0.567567568
0
0
0
0
0
0.149466192
0
0
0
0
0.735849057
0
0.091836735
0.864864865
0.409448819
0
0.110132159
0
0
0
0
0
0
0
0
0.168539326
0
0
1
0
0
0
0
0.4
0
0.077348066
0
0
0
0
0
0
0.144444444
0
0
0
0.462264151
1
0
0
0.6
0.628571429
0.41958042
0
0.311688312
0.460122699
0
0
0
0.807692308
0
0
0
0.087719298
0.05
0.060810811
0.099337748
0
0
0
0
0
0
0.277310924
0.487684729
0
0.083969466
0
0
0
0
0
0
1.888888889
0.203592814
0.24852071
0.265432099
0
0
0
0
0.4
0
0.230769231
0
0.197368421
0.309859155
0
0
0
1.309090909
0
0.117647059
0
0
0.159817352
0
1
1
0
0.810810811
0
0
0
0
0.020833333
0
0
2
0
0
0
0
0.4
0.266666667
0.595588235
0
0
0
0
0.781609195
0
0
0.094117647
0.361702128
0.241007194
0.099307159
1
0
0
1.860465116
0.301470588
0
0
0.124423963
0.405963303
0.091639871
0
0
0
0
0
0.246987952
0.309352518
0.097345133
0
0.086956522
0
0
0
0
0.292307692
0
0
0.234234234
0.125
0.02739726
1
0
0.5
0
0
0.266666667
0
0.313253012
0.25498008
0.392947103
0
0
0.827586207
0.481481481
0
0.19047619
0
0
0.253333333
0
0
1
0
0
0.540540541
0
0
0.27480916
0
0.219047619
0
0
0
0
0
0.278688525
0
0
0
0.072351421
0
0
0
0.87254902
0.518518519
0.389473684
0
0.099547511
0.149321267
0
0
0
0
0
0.191176471
0.56
0
0
0.228346457
0.045977011
0
0
0.35443038
0
0.678571429
0
0
0
0.07641196
0.078571429
0
0
0
0
0
0.493333333
0.362831858
0.111702128
0.582524272
0.047029703
0
0
0
0
0
0
0.622222222
0.160377358
0
0.309278351
0
0
0
0
0
0
0.127906977
0.180722892
0.139303483
0.191616766
0
0
0
0
0.184210526
0.181818182
0.328282828
0.559585492
0.222797927
0.028571429
0
0
0.361702128
0
0
0
0
0.592741935
0.039370079
0
0
0
0
0.551020408
0
0
0.307692308
0.900473934
0.070539419
0.065445026
0
0
0.52
0
0.247311828
0.17037037
0
0
0.14921466
0
0
0
0
0
0.575163399
0
0
0.408888889
0.008746356
0.087087087
0
0
0
0
0
0.32173913
0.101265823
0
0
0.033898305
0
0
0
0
0.375
0
0.25974026
0
0.1352657
0.204545455
0
0
0
0
0.054347826
0
0.223214286
0
0
0.384920635
1
0
0
0
0
0
0.188679245
0.327659574
0
0
0
1
0.80952381
0
0
1.067567568
0.242105263
0
0.076923077
0.246305419
0
0
0
0
0.8
0
0.251497006
0.282258065
0.080924855
0.067278287
0
0
0
0.805555556
0
0
0.226415094
0
0.251655629
0
0
0
0
0
0
0
0.189655172
0.176767677
0
0
0
0
0
0
0
0
0.229357798
0
0.15308642
0.184750733
0
0
0
0.247058824
0.282051282
0.1796875
0.837209302
0.043956044
0.065517241
0
0
0
0
0
0.375
0
0.419354839
0.463414634
0.313653137
0
2
0
1
0
0.166666667
0
0.455223881
0.181818182
0.245714286
0.155251142
0
0
0.625
0.517241379
0
0.649122807
0.257575758
0.481865285
0.176767677
0.379310345
0
0
0
0
0
0
0
0.106918239
0.455696203
0.109649123
0
0
0
0
0
0
0.376623377
0
0.196787149
0.080779944
0
0
0.6
0
0
0.63372093
0
0
0.118644068
0.45049505
0
0
0
0.897959184
0.54368932
0.21875
0
0.073033708
0.08797654
0.059139785
0
0
0.24
0.449275362
0.12987013
0
0.338028169
0.120930233
0.16700611
0
0
0
0.75
1.151515152
0
0
0.107296137
0.519148936
0.102836879
0
0
0
0.103448276
0
0
0
0
0
0.195238095
0.037815126
0
0
0
0
0
0
0
0.236024845
0.654545455
0.034482759
0
0
0
0
0
0
0
0
0
0.086956522
0
0
0.818181818
0.233766234
0
0.147058824
0
0.445544554
0
0.173076923
0
0
0
0.275362319
0
0
0
0.226804124
0.139896373
0.097165992
0
0
0.555555556
0
0
0
0
0.299212598
0.020942408
0.320143885
0
0
0
0
1.871287129
0
0
0.118421053
0.142222222
0.1875
0
0
0
0
0
0
0.333333333
0
0.049107143
0.406862745
0
1
0.615384615
0.366197183
0.360824742
0
0.24375
0.206349206
0.337719298
0.474885845
0
0
0
0.741935484
0
0.215189873
0
0.472049689
0.151898734
0.168874172
0
0
0.367346939
0.311111111
0.432432432
0.191919192
0
0.13559322
0.489913545
0.852941176
0
0
0.901960784
0
1.447058824
0.382022472
0.586885246
0.393203883
1.346801347
0.186968839
0
0
0
0
0
0
0
0.035971223
0
0
2
0
0.7
0.696428571
0.162790698
0
0.096774194
0.234234234
0.517241379
0.370481928
0
0
0
0
0
0
0
0
0
0.359516616
0
0
0
0
0.622222222
0.317757009
0.443037975
0.042622951
0.753424658
0.104651163
0
0
0
0.218181818
0
0
0.286956522
0.813559322
0.72
0
1
0
0
0
0
0
0.256097561
0
0
0.273504274
0
0
0
0
0
0.276595745
0
0
0.103286385
0.046511628
0
0
0
0
0.307692308
0.463414634
0.372881356
0
0
0.08778626
0
0
0
0
0
0.285714286
0
0.218543046
0
0.03626943
0
0
0
0
0
0
0
0.470238095
0.080321285
0.120879121
0
0
0.8
0
0
0.430555556
0
0.5
0.309782609
0.288557214
0
0
0
0
0
0
0
0.070967742
0.155555556
0.126843658
0
0
0
0
0
0.649122807
0
0
0
0.120754717
0
0
0
0.23255814
0
0
0.395604396
0
0.158798283
0.071979434
2
1
0
0
0
0
0
0.272727273
0.140983607
0.341463415
0
1
0
0
0
0.291666667
0.115044248
0
0.203438395
0.582822086
0
0
0.355555556
0
0.573770492
0.157894737
0
0.157480315
0.239382239
0.020114943
0
0
0
0
0
0
0
0.117647059
0
0
0
0
0
0
0
0
0
0
0.274193548
0.035087719
0
0
0
0
0.090909091
0
0.063953488
0
0.894736842
0
0
1
0
0
0
0
0.454545455
0
0.278846154
0.262357414
0
0
0
0
0.805825243
0
0
0
0.644549763
0.191823899
0
0
0
0
0
0
0.516393443
0
0.062745098
0.430678466
0
0
0
0.35483871
0.3
0
0
0.301204819
0.091954023
0.192546584
0
0
0
0.395833333
0
0.410714286
0
0.177570093
0.104651163
0.419354839
0
2
0
0
0.166666667
0
2.011494253
0
0
0.130268199
0
1
0
0
0.647058824
0.1
0.406593407
0.248927039
0.157676349
0.067039106
0
0
0
0.609756098
0
0.567567568
0
0.528795812
0.055900621
0.266304348
0
0
0.208333333
0.289473684
0
0
0
0.209459459
0.620320856
1.023188406
0
0
0.916666667
0.882352941
0.617886179
0
0
0.514619883
0.02739726
0
0
0
0
0.935064935
0
0
0
0
0
0
0
0
0
0
0
0.398809524
0
0
0.166666667
0
0
0
0
0
0
0.150684932
0
0
0
0.078787879
0
0
0
0
0
0
0
0.370967742
0.157088123
0.415441176
0
0
0
0
0
0
0
0
0.613636364
0.054726368
0
0
0
0
0
0
0.102564103
0.035971223
0.27734375
0.080321285
0
0
0
0
0
0
0
0
0
0.338414634
0
0
0
0
0
0
0
0
0.360995851
0.140540541
0
0
0
0
0
0
0.333333333
0
0.173469388
0.007117438
0
0
0
0
0
0
0.074074074
0.253521127
0.094674556
0.091194969
0
0
0
0
0
0
0
0.132947977
0.182978723
0.16481069
0
0
0
0
0
0
0
0.293103448
0
0.196261682
0
0
0
0
0
0
0
1.212871287
0.827380952
0.146981627
0
0
0
0
0
0.411111111
0
0.24137931
0
0.082262211
0
0
0.871794872
0.611764706
0
0.628205128
0
0.251012146
0.0625
0.224390244
0
0
0
0
0.186915888
0.337078652
0
0
0.318367347
0.02962963
0
0
0
0.259259259
0
0
0
0.089285714
0.12755102
0
0
0
0
0.259259259
0.243478261
0.284671533
0
0.367424242
0.217142857
0.453376206
0
0
0
0
0.6875
0.222222222
0
0
0.032967033
0.106164384
0
0
0.422222222
0.270833333
0
0
0.186046512
0
0.098039216
0
0
0
0
0
0
0.325581395
0
0.095238095
0.315217391
0.24137931
0
0
0
0
0
0.275862069
0
0
0.108695652
0
0
1
0.676470588
0
0
0
0
0.143884892
0.114754098
0
0
1
0
0.684210526
0
0.3125
0.700680272
0
0
0.034364261
0
1
0
0
0.444444444
0
0.202247191
0
0
0.210884354
1
0
0
0
0
0
0
0
0
0.065891473
0
0
0
0
0.271428571
0.153846154
0.219512195
0.159793814
0
0.120728929
0
0
0
0.186440678
0
0
0
0
0
0.124242424
0
0
0
0
0
1.262820513
0
0.192982456
0.250996016
0.237012987
0
1
0
0
0.170731707
0
0
0.152671756
0.205240175
0.358649789
0
0
0
0
0
0.131868132
1.130136986
0
0
0.098901099
0
0
0
0
0.666666667
0
0
0
0
0.465714286
0
0
0
0
0.045454545
0
0
0.043103448
0
0.080645161
0
0
0
0
0.515151515
0.364864865
0.06
0
0.081632653
0.856707317
0
0
0
0
0
0
2.432098765
0
0
0.341176471
0
0
0
0
0
0
0.1875
0
0.197309417
0
0
0
0
0
0
0
0.62987013
0.333333333
0.560137457
0.116564417
0
1
0.681818182
0
0
0
0
0
0.181818182
0.298816568
0
0
1.310344828
0
0.103448276
0
0
0.081339713
0.325581395
0.15625
0
0
0
0
0
0
0
0.125
0.295833333
0.35243553
0
0
0
0
0
0
0
0
0.100502513
0.290488432
0
0
0
0
0
0
0.194029851
0.33125
0.1
0.151219512
0
0
0
1.27972028
0.272727273
0.08
0
0.212903226
0.060728745
0.537537538
0
0
0
0
0
0.275
0
0.511627907
0.251046025
0.270676692
0
1
0
0
0.347826087
0
0
0.086614173
0
0.187335092
0
0
0
0.516129032
0
0
0.037037037
0.290909091
0
0.135371179
0
0
0
0
0
0
0.69047619
0.487012987
0.3125
0.274468085
0
0
0
0
0
0.314285714
0.06557377
0.079497908
0
0.229398664
0
0
0
0
0.238095238
0
0
0
0
0.554878049
0
1
0
0
0
0
0
0.464864865
0.5625
0
0
0
0
1.588235294
0
0.485714286
0.339901478
0.184782609
0.035502959
0.462765957
0
0
0
0
0
0
0
0
0.532871972
0.244725738
0
0
0
0
0
0
0
0.131868132
0.355400697
0.147590361
0
0
0
0
0
0
0
0.120535714
0.097264438
0.054151625
0
0
0
0
0
0
0
0
0.064814815
0.04040404
0
0
0
0
0
0
0.179487179
0.166666667
0.085106383
0.127516779
0
1
0
0
0
0
0
0.371428571
0
0.136752137
0
0
0
0
0.394957983
0.186666667
0
0
0.17578125
0.050228311
0
0
0
0.480769231
0
0
0
0
0.158974359
0
0
0
0
0
0
0.537572254
0.052631579
0
0
0.189265537
0
0
0.954545455
0.444444444
0
0
0
0
0.02739726
0.067226891
0
0
0
0
0
0
0
0
0.274418605
0
0
0
0
0
0
0
0.142857143
0
0
0
1
0
0
0
0
0
0.257142857
0.565217391
0.092741935
0.377777778
0
0
0.766666667
0
0.328767123
0
0
0.141975309
0
0.203233256
0
0
0
0
0.522727273
0.868131868
0.4375
0.462365591
0.122580645
0.037931034
0
1
0
0.666666667
0
0
0.856410256
0.873493976
0.125
0.064102564
0
0
0
0.816326531
0.357142857
0.154929577
0.264705882
0
0.037383178
0.206730769
0
0
0.647058824
0
0.603773585
1.194029851
0
0
0
0.065326633
1
0
0
0
0.533333333
0
0
0
0.102564103
0.372413793
0
0
0
0
0
0
0.285714286
0.210526316
0.129707113
0
0
0
0
0
0.235294118
0
0
0.207207207
0.264788732
0.089795918
0
0
0
0
0
0
0
0.166666667
0.308823529
0.127516779
0
0
0
0
0
0.511278195
0
0.298850575
0.438095238
0.341317365
3
0
0
0
0.352941176
0.311111111
0.413793103
0
0
0.373134328
0
0
0
0.445783133
0
0.917355372
0
0
0.298578199
0.309090909
0
0
0
0
0
0.607843137
0.387755102
0.477832512
0.309178744
0.355421687
0
0
0
0
0
0
0.340425532
0.355072464
0.401234568
0.174825175
0
0
0
0.382978723
0.675675676
0
0.145454545
0
0
0.104417671
0
0
0.542857143
0
0
0
0
0
0.239263804
0
0
0
0
0
0
0
0
0.390070922
0.260089686
0.022304833
0
0
0
0.328358209
0
0
0
0
0
0.332
0
0
0
0.454545455
0.591836735
0.339449541
0.486486486
0
0.372
0.491961415
0
0
0
0.25
0
0
0.41322314
0
0.054474708
0.159090909
0
1
0
0
0
0
0
0.130434783
0
0.174050633
0
0
0
0.5
0
0.314814815
0.292517007
0.224299065
0.051886792
0.083916084
1
0
0.403225806
1.268817204
0
0
0.100719424
0.6
0.410714286
0.287671233
0
0
0
0.802197802
0
0
0.330508475
0.14673913
0
0.055276382
0
0
0
0
0.15625
0
0.030534351
0.708661417
0.182142857
0.281842818
0
2
0
0
0
0.278145695
0.385057471
0.54137931
0.671641791
0.022641509
0
0
0
0.545454545
0.831460674
0
0
0.459770115
0.173515982
0.127272727
0
0
0
0
0
0.242424242
0.487179487
0.134920635
0.05952381
0.080357143
0
0
0
0
0
0
0.308270677
0.155913978
0.309178744
0.129496403
0
0
2.492307692
0.704545455
0.490566038
0.86
0.488188976
0.322580645
0.184210526
0.049079755
0
0
0
0.882352941
0
0.293478261
0.299145299
0.247524752
0
0
0
0
0
0.159090909
0.7
0
0
0.20361991
0.036144578
0.48013245
0
0
0
0.46875
0
0
0.141509434
0
0.098712446
0.0625
0
0
0
0
0.611111111
0
0
0.165562914
0.397163121
0.203488372
0
0
0
0
0.301886792
0
0
0.143835616
0.242268041
0
1
1
0
0
0
0
0.296610169
0.397379913
0.173611111
0.030150754
1
0
0
0
0
0
0
0
0.129807692
0.579387187
0
0
0
0
0.402298851
0
0
0.090909091
0
0.20657277
0
0
0
0.571428571
0
0
0
0
0.267015707
0
0
0
0
0
0
0
0
0
0.604651163
0.101321586
0
0
0.813953488
0
0
0
0
0.225490196
0
0.30141844
0
0
0
0
0
0.388888889
0.62295082
0.215277778
0
0.018087855
0
0
0
0
0
0.391304348
0.740112994
0
0.805280528
0.234375
0
0
0
0
0
0
0.423529412
0.112149533
0
0.519607843
0
0
0
0
0
0
0
0
0.071823204
0.310344828
0
0
0
0
0
0
0.234693878
0
0
0.143382353
0
0
0
0.670520231
0
0
0
0
0
0.076363636
0
0
0
0
0
0
0
0
0.285714286
0.015228426
0
0
0
0
0
0.739583333
0.375
0.344594595
0.079268293
0.369369369
0
0
0
0.2
0.264150943
0
0.184782609
0
0.462585034
0.061433447
0
1
0
0.735849057
0
0.477777778
0.151515152
0.279693487
0
0.064935065
0
0
0
0
0
0
0.234782609
0
0.138613861
0.113475177
0
0
0
0
0
0
0.112
0.09202454
0.664
0.015151515
1
0
0.511627907
0
0.382978723
0
0
0
0.160839161
0
0
0
0.739130435
0
0
0
0
0.681102362
0
0.156462585
2
0
0
0
0.714285714
0
0
0
0
0.102040816
0
0
0.543478261
0
0
0
0
0
0
0
0
0
0
0
0.210526316
0
0
0
0.137440758
0.060606061
0
0
0
0
0.480769231
0
0.2
0.123809524
0
0.193415638
0
1
0.589285714
0
0.28
0.465648855
0
0
0.068783069
0.101941748
0
0
0
0
0
0
0
0.344827586
0.210526316
0.127035831
0
0
1.363636364
0.242424242
0.461538462
0
0.25
0.074626866
0.162303665
0.069620253
0
2
0.483870968
0
0
0.229166667
0
0.314606742
0.058823529
0.619230769
0
1
0
0
0.703296703
0.235294118
0.391025641
0.293877551
0.074398249
0.042801556
0
0
0
0.21686747
0
0.173469388
0
0.054455446
0.064724919
0.36
0
1
1.525423729
0.542168675
0.28358209
0
1.966019417
0
0.485795455
0
0
0
0
0.531914894
0
0
0.09
0.299539171
0.45890411
0.31678487
0
0
0
0
0
1.099236641
0.552631579
0
0
0.16713881
1
0
0
0
0
0.150684932
0.873786408
0.313131313
0.390909091
0.130612245
0
0
0
1.15
0.723684211
0
0.211382114
0
0.070588235
0.050179211
1
0
0
0
0.277777778
0
0
0.248587571
0.042307692
0.125
0
0
0
0
0
0
0.276190476
0.404669261
0
0
0
0
0
0
0.086956522
0
0
0.07826087
0
0.337164751
0
0
0
0
0
0
0
0.154639175
0.115577889
0.213483146
0
0
0
0
0.196428571
0
0
0
0.200716846
0.107913669
0
0
0
0.698630137
0
0
0.695035461
0.296296296
0
0.191780822
0
0
0
0
0
0
0.876404494
0.862318841
0.042735043
0.104513064
0
0
1.814814815
0
0.269230769
0
0
0.615
0.466666667
0
0
0
0
0
0
0
0.4625
0
0.216346154
0.197916667
0
0
0
0
2.311284047
0
0.223140496
0.336956522
0
0.257879656
1
1
0
0
0
0
1.118012422
0.22754491
0.333333333
0
0
0
0
0
0
0.360655738
0.132075472
0.155737705
0.342696629
0.164179104
0
0
0.480769231
0.659090909
0.357142857
0
0
0.510204082
0
0.114197531
0
0
0
0.583333333
0.2
0.93220339
0.303921569
0.635193133
0.549079755
0.14137931
0
0
0
0
0
0
0
0.192307692
0
0
1
0
0
0
1.523809524
0.648648649
0.076923077
0.506024096
0.058479532
0.492537313
0
0
0.470588235
0.906976744
0.343283582
0.35
0
0.103448276
0
0.038888889
0
0
0.461538462
0
0.660194175
0.43902439
0.086419753
0
0.031496063
0.056962025
0
0
1.027027027
0.828571429
0
0
0.318965517
0.035714286
0.079051383
0.396694215
0
0
0
0.696969697
0
0
0
0
0.035211268
0.172839506
1
0
0
0
0
0.578947368
0
0
0
0.234375
0
0
0
0.744680851
0
0
0.0625
0
0.20610687
0.247232472
0
0
0
0.323076923
0
0
0
0.142857143
0.481481481
0.045226131
0
0
0
0.466666667
0.234567901
0
0
0
0.103960396
0.109271523
0
0
0
0
0
0.057692308
0
0.633587786
0.252525253
0.219047619
0
0
0
0.25
0
0
0.301204819
0
0.224489796
0
0
0
0
0
0.291666667
0
0.141891892
0
0
0
0
0
0.9625
0
0.568965517
0
0
0
0.023474178
0.181451613
0
1
0
0.226666667
0
0
0
0.146341463
0.543933054
0.176258993
0
0
0
0
0
0
0.111111111
0.385826772
0.219081272
0.012345679
0
0
0
0.565217391
0
0.134615385
0
0.273684211
0.024489796
0.146282974
0
0
0
0.967741935
0
0
0
0
0.153256705
0.044692737
0
0
0
0
0.505617978
0
0
0.018691589
0.252336449
0.048632219
0
0
0
0.351351351
1.28358209
0
0.246575342
0.676190476
0
0
0
1
0
0
0
0
0
0.478021978
0.277777778
0
0
0
0
0
0.564356436
0.220183486
0.93220339
0
0.48013245
0.18501171
0
0
0
0
0
0.861538462
0.548076923
0.357594937
0.723021583
0.290849673
0
0
0.384615385
0
0.407407407
0.5
0
0
0.015503876
0.198910082
0
0
0.555555556
0.811320755
0
0.302631579
0.081967213
0.214953271
0
0.136942675
0
0
0
0
0.534351145
0.13559322
0.209677419
0
0.52195122
0.017492711
0
0
0
0
0
0.4875
0.527173913
0.31
0.092105263
0.619496855
0
0
0
0
0
0
0
0.916
0
0.143712575
0
0
0.5
0
0
0
0
0
0
0.28
0
0
0
0
0
0
0
0.239316239
0
0.566037736
0
0
0
0
0.113924051
0
0
0
0
0
0
0
0
0
0
0
0
0
0.5
0.122994652
0
1
0.290322581
0.903225806
0.61038961
0
0.174603175
0.079295154
0
0
0
0
0.473684211
0.361111111
0
0
0
0
0
0.312903226
0
0
0
0
0
0
0
0.019047619
0.377777778
0.047619048
1
0
0
0
0
0
0.145038168
0.316326531
0.108391608
0.756329114
0
0
0
0
0
0
0.140243902
0.325123153
0.211009174
0.103448276
0
0
0
0.837209302
0
0
0
0
0.167420814
0.06122449
0
0
0.95
0
0.618421053
0.480769231
0
0.15625
0.525210084
0.624505929
0
0
2.538461538
0
0
0.564516129
0.260869565
0.058333333
0
0.06360424
0
0
0
0
0.663865546
0
0
0.324675325
0
0
0
0
0
0
0
0
0
0
0
0.108013937
2
0
0
0
0
0
0
0.071895425
0.094276094
0.042145594
0
1
0
0
0
0
0
0
0.130232558
0
0
0
0
0
0
0
0.419047619
0.32183908
0.226744186
0
0
0
0
0
0
0
0
0
0.093596059
0
0
0
0
0
0
0.357142857
0.166666667
0.262857143
0.147058824
0
0
0
0
0
0.260869565
0
0
0
0.155477032
0.156133829
0
0
0
0
0.4
0.418181818
0
0.025423729
0.959247649
0.386266094
0
0
0.905660377
0.954545455
0
0.131578947
0.061068702
0
0.069767442
0.660447761
0
0
0
0
0
0
0
0.048387097
0.214285714
0.04057971
0
0
0
0
0.492647059
0.811764706
0
0.207446809
0.119047619
0.023715415
0
0
0
0
0
0
0
0.131428571
0.135977337
0.053475936
0
0
0
0.396551724
0
0.346666667
0
0
0
0.120950324
0
0
0
0.30952381
0
0
0
0
0
0.196172249
0
0
0
0
0
0
0
0
0.117647059
0.012345679
0
0
0
0
0
0
0
0.524017467
0.102473498
0.181818182
0
0
0
0
0
0.411764706
0
0.23853211
0.328
0.162939297
0
0
0
0.205882353
0
0.279069767
0.484848485
0
0.115577889
0.290697674
0
2
0
0
0
0
0
0
0.152542373
0.387301587
0
0
0
0
0.392405063
0
0
0
0
0
0
0
0
0
0
0
0
0.157446809
0.078947368
0.443425076
0
0
0.796610169
0.694444444
0.145454545
0
0.3046875
0.262295082
0.297297297
0.162962963
0
0
0
0
0
0.421487603
0.307086614
0
0.346491228
0.106598985
0
0
1
0
0
0.369565217
0.347826087
0.088607595
0.113772455
0.387323944
0
0
0
0
0
0.370967742
0
0
0.091891892
0.282527881
0
0
0
0
0
0.595238095
0
0.113924051
0.082706767
0.120967742
0
0
0
0
0
0
0
0
0.25
0.179738562
0
0
0
0
0.347826087
0.45
0
0
0.156398104
0.131428571
0
0
0
0
0.766233766
0
0
0
0
0.17254902
0
0
0
0
0
0
0
0
0.284848485
0.382978723
0
0
0
0
0
0.483333333
0.063291139
0.318181818
0.259259259
0.143812709
0
0
0
0
0.357142857
0.180327869
0.414473684
0.108910891
0.238095238
0.408450704
0
0
0
0
0.964705882
0
0.138613861
0.051948052
0
0.098654709
1
0
0
0
0.1
0
0.181102362
0.141414141
0.156097561
0.028469751
0
0
0
0.928571429
0
0.444444444
0
0.147058824
0
0.017857143
0
0
0
0
0
0
0
0.284916201
0.00621118
0
0
0
0
0
0
0.349056604
0
0.064814815
0.297520661
0.019011407
0
0
0
0
0
0
0
0
0
0
0
0
0
0
0
0
0
0.050420168
0.042735043
0.111940299
0
0
0
0
0
0
0
0.247058824
0.079365079
0.302325581
0
1
0
0
0
0
0
0.154761905
0.272727273
0.107317073
0
0
0
0
0
0
0
0
0.210526316
0
0
0
0
1.3
0
0.347826087
0
0
0.075675676
0.072463768
0
0
0
0
0.173913043
0
0.25
0
0
0
0
0
0
0
0
0
0
0.102272727
0.443396226
0.127314815
0
0
0
0.549019608
0
0.858333333
0
0.027272727
0.470588235
0.190812721
0
0
0
0
0
0
0
0
0
0.181818182
0
0
0
0
0.22
0
0.289473684
0.507936508
0.417293233
0
0
0
0
0
0.361111111
0
0
0.047619048
0
0.255102041
0
0
0
0
0
0.046296296
0.698412698
0.056701031
0.052845528
0.086705202
0
1
0
0
0
0
0
0
0.230088496
0.060518732
0
1
0
0
0
0
0
0.507772021
0.14
0.198275862
0
0
0
0
0
0
0
0.051612903
0.027322404
0.263888889
0
0
0
0.555555556
0
0
0
0.692857143
0
0.136029412
0
0
0
0
0.409090909
0
0.040322581
0
0
0.070967742
0
0
0
0
0
0
0
0
0
0.02739726
0
0
0
0
0.391304348
0
0
0.2875
0.376106195
0.094890511
0
0
0
0.578947368
0
0
0
0.12
0
0
0
0
0
0
0.407407407
0
0
0.235294118
0.043478261
0
0
0
0
0
0
0
0
0
0
0.227848101
0
1
0
0
0
0
0.521276596
0
0.0625
0.107476636
0
1
0
0
0
0
0
0
0.091397849
0.172566372
0
0
0
0
0.319148936
0
0
0
0
0.11409396
0
0
0
0.795454545
0
0
0
1.805194805
0
0.279141104
0
0
0
0
0
0
0
0.260416667
0
0.611548556
0
0
0
0.7
0
0
1.036144578
0
0
0
0
0
0
0
0
0
0
0.482233503
0
0.044354839
0
0
0
1.5
0
0.138888889
0.391304348
0
0.129032258
0.015789474
0
0
0
0.753424658
0
0
0.430379747
0.276785714
0
0.102236422
0
0
0
0
0
0
0
0
0.05
0.190635452
0
1
0
0
0
0.048192771
0
0.173684211
0
0.298755187
0
0
0
0
0.583333333
0.207207207
0
0
0.210144928
0.52238806
0
0
0.766666667
0
0
0
0.172043011
0
0.07755102
0.45631068
0
0
0
0.438596491
0
0
0.212560386
0
0.161290323
0.273148148
0
0
0
0
0
0
0.425925926
0.47761194
0
0.1725
0
1
0
0
0
0
0.378571429
0
0
0.121673004
0
0
0
0
0
0
0
0
0.263565891
0.40625
0
0
0
0
0
0
0
0.166666667
0.006944444
0
0
0
0
0.153846154
0
0
0.124293785
0.633136095
0.145454545
0.410094637
0
0
0
0
0
0.093023256
0
0
0.090909091
0.297435897
0
0
1.769230769
2.314285714
0
0.571428571
0.617886179
0
0.130252101
0.12804878
0
0
0.933333333
0.85
0
0
0
0
0.123595506
0.200743494
0
0
0
0
0
0.460674157
0.208333333
0
0.073863636
0.676557864
0
0
0
0
0
0
0.142857143
0.75
0.464435146
0.257525084
0
0
0.7
0.397058824
0.3375
0.316129032
0.074626866
0.395833333
0.09252669
0.067692308
1
0
0
0
0
0
0
0
0.069518717
0.296153846
0
0
0
0
0
0
0.21875
0.198630137
0
0.0651341
0
0
0
0
0.12037037
0
0
0.329268293
0.050955414
0.021008403
0
0
0
0
0.227722772
0
0
0.173410405
0.139830508
0.07027027
0
0
0
0
0
0.657142857
0
0.23655914
0.196581197
0.689938398
0
0
0
0
0.26
0
0
0.276785714
0.727868852
0.113924051
0
0
0.62745098
1.285714286
0
0.447154472
0
0.236842105
0.070539419
0.760330579
0
0
0.166666667
0.818181818
0
0.369863014
0
0.317757009
0.546666667
0.020242915
0
0
0
0
0
0
0
0
0
0
0
0
0
0.553571429
0
0
0
0
0
0.039473684
0
0
0
0.4
0
0.505050505
0
0
0
0.215827338
0
0
0
0.675
0
0
0
0
0
0
0
0
0
0
0
0
0
0
0
0
0
0
0
0
0
0
0
0
0
0
0
0
0
0
0
0
0
0
0
0.05952381
0
0
0
0
0.731182796
0
0
0.149700599
0
0.108910891
0
2
0
0
0
0
0
0
0.191082803
0.060344828
0
0
0
0
0.828571429
0
0
0.106508876
0
0.200743494
0
0
0
0
0
0
0
0.144
0.086956522
0
0
0
0
0
0
0
0
0.255681818
0.112403101
0
0
0
0
0
0
0
0
0.23
0.230188679
0.035175879
0
0
0
0.361111111
0
0.313333333
0
0.043478261
0.334405145
0
0
0
0
0
0
0
0.273972603
0
0.311178248
0.239875389
0
0
0
0
0.28358209
0
0
0.373913043
0.054945055
0
0
0
0
0.239130435
0.313432836
0
0
0
0.379310345
0.059633028
0
0
0
0
1.304347826
0.222222222
0.23853211
0
0.34765625
0.227777778
0
0
0
0
0.240506329
0
0.289473684
0
0.023584906
0
0
1
0
0.811594203
0
0
0
0.444444444
0.200636943
0
0
0
0
0
0.321428571
0
0
0
0
0.193832599
0
0
0
0
0
0.333333333
0.164
0.23255814
0
0.157446809
0
0
0
0
0
0
0
0.104575163
0.154385965
0.315614618
0
0
1
0
0
0
0.513043478
0
0.09478673
0.402332362
0
0
0
0
0
0
0
0.201388889
0
0.281081081
0
0
0
0.283018868
0
0
0.143939394
0.236842105
0
