1
1
0.153846154
0.773195876
0.21
1.483870968
0.789473684
1.169934641
0.602189781
0.611336032
1
0
0.642857143
0
0.278688525
0.8
0.32173913
0.652719665
0.770909091
0.613138686
0
1
0
0
0
0
1.375
0.523076923
0.759868421
0.634408602
0
1
0
0
2.14516129
0.557692308
0.826530612
0.352380952
0.782696177
0.895316804
3
0
0
0.923076923
0.727272727
0.590361446
0.282758621
1.204545455
1.093333333
0.781456954
0
0
1.176470588
0
0.313432836
0.62962963
0.409090909
0.382653061
0.535117057
0.732638889
0
0
0
0.902439024
1.043478261
0.368421053
0.108527132
0.24911032
1.177631579
0.918854415
1
1
0.542857143
0
0.571428571
0.241935484
1.136752137
0.860103627
0.416879795
0.545112782
0
0
1
0.075
0
0.375
0.383333333
0.069565217
0.628975265
0.760683761
0
1
0.236111111
0.12195122
1.24
0
0.479532164
0.665116279
0.524691358
0.897637795
0
0
0.555555556
0
0.074626866
0.166666667
0.558823529
0.728571429
0.386934673
0.209125475
1
0
0.170731707
0.5
0.584615385
0.5
1.464088398
0.291666667
0.333333333
0.569230769
0
0
0
0.615384615
0.185185185
0
0.859813084
0.708791209
0.728571429
1.647321429
0
0
0
0.83
1.185185185
0.993006993
0.921428571
0.41025641
0.628726287
0.748603352
0
1
0
0
0.293103448
1.844827586
0.471153846
0.013452915
0.573943662
1.838120104
1
0
0.871794872
0
0.375
0.411764706
0.242857143
0.45323741
0.726708075
0.810289389
0
1
0.472727273
0.384615385
1.480519481
1
0.365217391
0.475675676
1.245398773
0.633093525
1
1
0
0
0
0.663636364
0.321100917
0.342105263
0.836585366
0.611285266
0
0
1.64516129
0
0.210526316
0.94214876
0.059322034
0.188571429
0.556231003
0.742990654
2
0
1.70212766
0
2.495798319
0.033898305
1.833333333
1.015384615
0.507462687
0.586757991
1
1
0
0.364864865
0
0.418181818
1.308108108
0.571428571
0.801801802
0.845637584
0
3
0
0.305555556
0.764705882
0.740740741
0.244755245
0.284615385
0.740196078
0.818941504
1
0
2.810126582
0
0.847058824
1.431578947
0.445121951
0.539473684
0.282178218
1.161931818
0
0
0
0.142857143
0.019607843
0
0.320754717
1.035087719
0.739549839
1.306547619
0
1
1.304347826
0
0.096153846
0.5
0.61
3.04109589
1.224852071
0.203856749
0
2
0
0.846153846
0
0.740740741
0.6125
0
0.2
0.956756757
2
0
0.740740741
3.297297297
0.14893617
0.371794872
0.582524272
0.588516746
0.115107914
0.387559809
2
0
0.586206897
0.568181818
0.173913043
0.45
0.897959184
1.096385542
1.104225352
0.606741573
0
0
0
0.47826087
0.133333333
0.5
0.532520325
0.325
0.579310345
0.890756303
2
0
0
0
0.424242424
0
0.753333333
0.801204819
0.454545455
0.73923445
1
0
1.6
0
0.403225806
1.18556701
0.828828829
0.395939086
0.243636364
0.498567335
0
2
2.914285714
0
1.411111111
1.0875
0.107438017
0.691666667
0.953846154
0.384415584
0
0
1.36
0.933333333
1.287671233
0.571428571
0
0.487341772
0.392857143
0.458666667
4
1
0
0.597826087
0
0.37037037
0.018181818
2
0.606694561
0.418118467
1
1
0.575757576
2.333333333
1.553398058
0.25
3.082191781
0.426315789
0.3125
0.35786802
0
2
0
0.409090909
0.193548387
0.19047619
1.45
0.598930481
0.801801802
0.341563786
0
1
1.28
1.204819277
0.697674419
0.134615385
0.992
0.882882883
0.616113744
0.256756757
0
0
0.214285714
0.134328358
0
1.406779661
0.317073171
0.464052288
1.073643411
1.016997167
3
2
0.833333333
0
0.456140351
0.6875
1.62195122
0.62962963
0.502617801
0.942779292
0
0
0
1
0.69047619
0.642857143
1.352941176
1.019920319
1.072948328
0.06875
0
2
0
0.448275862
1.3
0.919354839
0.208695652
0.087719298
0.702508961
0.997624703
0
1
0.864864865
0.44
0.861538462
0.380952381
0.451612903
0.468208092
0.578475336
0.217183771
1
0
0
0.235294118
0.93220339
0
1.167832168
0.329842932
0.876712329
0.487903226
0
0
0
1.395833333
0.366197183
1.487804878
0.613636364
0.419642857
0.485530547
0.826446281
0
0
0
0.652173913
0.324675325
0.125
0.279069767
0.441717791
0.581967213
0.5625
0
2
1.358490566
0
0.720930233
0.518518519
0.48
1.032467532
0.926035503
1.785310734
0
0
0
0.74137931
0.280487805
1.435294118
1.033557047
0.449122807
0.5625
0.112391931
0
1
0
1.104477612
0.814814815
0.433333333
0
0
0.368794326
0.294594595
1
3
0.571428571
0.15
0
0.36
0.054054054
0.867132867
0.486792453
0.820588235
0
0
0
0
0.8
0
1.01875
1.755458515
0.56
0.386281588
1
0
0.692307692
1.282051282
0.742857143
0.830769231
3.076923077
0.918803419
0.67768595
0.349253731
1
0
0.923076923
0.592307692
1.319672131
1.576923077
0.527559055
0.446666667
0.798353909
0.761904762
1
0
0.631578947
0
0.928571429
0.641975309
0.448275862
0.266233766
0.651851852
0.34893617
0
1
0
0.351851852
0.393939394
0.098901099
0.13253012
0.393700787
0.709090909
0.411290323
0
1
0.648648649
0
0.506849315
0.97260274
1.448979592
0.549668874
1.012096774
0.607017544
0
1
1.740740741
0
0
1.091954023
1.074626866
0.707006369
1.290836653
1.164596273
0
0
0.956521739
0.785714286
1.494949495
0
0.428571429
0.076023392
1.014534884
0.285211268
0
0
0
0.513513514
0.69047619
0.363636364
0.276595745
0.544
0.506550218
0.83248731
1
0
0
0
0.787878788
0.612244898
0.06122449
0.935483871
0.31640625
0.116809117
0
0
0.489361702
0
0.71875
0
1.273809524
0.360465116
1.18115942
0.613953488
0
1
0
0
0.563636364
0.28
1.628415301
0.448598131
1.3046875
0.838888889
1
2
0.861111111
0
0.126984127
1.515151515
0.33125
0.886524823
0.624561404
0.671394799
0
0
0
0
1.329268293
2.074380165
0.631067961
0.965986395
0.282051282
0.537906137
0
0
1
0.140625
0.609756098
0
0.808290155
0.624203822
0.864583333
0.787804878
0
0
1
0
0.571428571
0
0
0.536144578
0.402654867
0.258899676
0
0
0.571428571
0
0.5625
0
1.134146341
0.237410072
0.300970874
0.6375
0
1
0
0
0.106666667
0.855072464
1.417910448
0.442622951
0.927835052
0.545064378
1
0
1.263157895
0.5
0
1
0.225806452
0.566666667
0.100917431
0.329411765
0
0
0.6
0
0.923076923
0.314814815
1.320512821
1.277272727
1.540540541
1.327731092
1
1
0.6875
0.346153846
0.56
2.150537634
1.007692308
0.317919075
0.142857143
0.687344913
1
1
0
0.851851852
0
0.338709677
0.689320388
0.333333333
0.461187215
0.840963855
0
3
1
0
0
1.483146067
0.6953125
0.6
0.803986711
1.682274247
0
0
0.393939394
0
0.321428571
0.161290323
0.492647059
0.605839416
0.513333333
0.553633218
1
0
0
0
0.75
0.739130435
0.104761905
0.28125
0.918781726
0.462462462
2
1
0.574468085
0.173076923
1.266666667
0.188679245
0.715189873
0.777173913
1.016447368
0.50887574
0
0
1.224489796
0
0.279411765
0.285714286
0.446043165
0.292792793
0.443902439
0.586206897
0
0
1
0.72826087
0.238095238
1.058823529
0.410714286
0.185185185
0.363636364
0.869565217
0
1
0.962962963
0.899082569
0.49122807
0
0.892156863
1.220779221
1.184782609
0.367283951
0
0
0.647058824
0
0.654545455
0.816901408
0
0.253012048
0.440366972
0.399209486
1
0
0.68115942
1.575
0
0.488372093
0.288288288
0.339130435
0.894736842
1.315217391
0
0
0.666666667
0.774193548
0
1.085106383
0
0.712041885
0.254355401
1.18466899
0
1
2.6875
0
1.061728395
0.756410256
0.575
2.1
0.331491713
0.479623824
0
0
0
0.709677419
0.392405063
0.612403101
0.355140187
0.472727273
0.243589744
0.641025641
2
0
0.454545455
0
0.950819672
0
0.051282051
1.582352941
0.913265306
0.290849673
1
1
0
0.655172414
0
1.95
0.157142857
0.270967742
0.558139535
0.575581395
1
0
0
1.125
1.716666667
0
0.09
0.19
0.186721992
0.282352941
3
0
0.294117647
0.71875
2.612612613
0
0.946428571
0.931506849
0.898412698
0.182098765
1
0
0
0.051282051
0.222222222
0.681818182
2.439716312
0.277227723
0.776422764
0.47311828
1
2
1.571428571
0
1.259259259
0.804878049
0.918367347
0.342105263
0.100558659
0.443526171
0
0
0.970588235
0.406779661
0.555555556
0
0.146341463
1.079691517
0.803738318
0.320132013
0
0
0.823529412
0.896551724
1.068181818
0.52293578
0.728813559
1.426395939
1.178082192
0.537102473
0
0
1.934782609
0.448979592
0.131578947
0.322580645
0.839622642
0.224637681
0.731092437
0.27027027
0
1
0
0.151515152
0
0.151162791
0.289719626
1.439655172
0.973607038
0.565737052
0
0
1.391304348
1.395348837
0.285714286
1.621621622
0.117647059
0.926174497
0.188622754
0.897897898
0
0
0
1.069767442
0.361702128
0.229885057
0.917431193
0.748878924
0.493333333
1.400641026
0
0
0
2.701492537
0.224719101
0.816091954
0.134615385
1.187919463
0.25
0.728222997
0
1
0.692307692
0.42
0.133333333
0.827586207
1.559322034
0.943661972
0.425
0.237142857
0
1
0
1.414141414
0.157894737
0.095890411
1.469135802
0.837606838
0.663829787
0.435555556
0
2
0.85915493
0.5
0.24
1.230769231
0.34
0.603864734
0.529411765
0.535315985
2
2
0
1.70754717
0
0.944
0.333333333
0.673333333
1.216450216
0.741794311
1
0
1.6
0.596491228
0
2.27480916
0.927631579
1.585798817
0.719367589
0.605633803
2
0
1.482758621
1.288135593
0.98630137
1.098684211
0.927536232
1.317647059
1.084444444
0.556547619
2
2
0.789473684
1.181818182
0.333333333
0.85106383
0.430232558
0.204081633
0.32
0.486486486
0
0
0
0
0.195121951
0.117647059
1.075471698
0.344827586
1.051587302
0.842504744
0
0
0
0.583333333
0.6875
0.520833333
0.744444444
0.354037267
0.157068063
0.558912387
1
0
0.371428571
0
0
0.661290323
0.307692308
0.401234568
0.930555556
0.338235294
0
1
0
0.523809524
0.946808511
0.269230769
0.948275862
1.192307692
0.773504274
0.436137072
2
0
0.884615385
0.236363636
0.375
0.376811594
0
0.666666667
0.386986301
0.34893617
0
3
0.264705882
0
0.516129032
0.657142857
0.717647059
1.103896104
0.318584071
0.28115016
1
0
0.676470588
1.333333333
0.407407407
0.401639344
0.26446281
0.123188406
0.588832487
0.777479893
0
0
0.727272727
1.194444444
0.846153846
0.634146341
0.097222222
1.03187251
1.15282392
0.866666667
0
2
0.52
0.617021277
1.075757576
0
0.912087912
0.490566038
0.491869919
0.694656489
0
0
0
0
1.633333333
1.3875
1.583333333
1.769230769
0.802120141
0.942408377
1
0
0.72
1.213114754
1.229508197
0
0.316666667
0.302325581
0.449541284
0.85042735
0
0
1.419354839
0
1.23015873
2.150943396
0.514285714
0.571428571
0.886792453
0.446188341
2
1
0
0.756756757
0.735849057
0.517730496
1.22972973
0.086956522
0.302083333
0.99463807
1
0
0.818181818
0.408163265
0.296875
0.658823529
0.89380531
0.1
0.587859425
0.454954955
0
0
2.70212766
0
0
1.131782946
0.311827957
0.547297297
0
0.60952381
1
0
1.411764706
0.677419355
0.621359223
1.444444444
0.764367816
0.036144578
0.894927536
0.628205128
0
1
0
0.113636364
0.25
0
0.256410256
0.497076023
0.339366516
0.749311295
0
0
0.871794872
0.67816092
0
0
1.5
0.462962963
1.367283951
0.454861111
0
0
1
0
0
0
0.430379747
0.626262626
0.446043165
0.666666667
0
2
2.678571429
0
0.608695652
0.45
0.388888889
0.345070423
0.291262136
0.64893617
1
1
0.622222222
0.266666667
0.173913043
0
0
0.686486486
0.545023697
0.755932203
3
0
0.368421053
1.052631579
0.265625
0.320754717
0.860465116
0.620689655
0.414414414
1.39084507
1
0
0.388888889
0.5625
0.485714286
0
0.829787234
0.496732026
0.240641711
0.927051672
2
0
1
0
0.344827586
0.272727273
1.166666667
0.681818182
0.683760684
0.282738095
1
1
0
0.271186441
0
0.233333333
0.211267606
2.691318328
1.205980066
0.997429306
0
0
0
1.223684211
1.368421053
0.78125
1.372093023
0.571428571
0.645367412
0.869451697
0
1
0.675675676
1.47826087
0
0.536231884
0.2375
1.167664671
1.034482759
0.715481172
1
0
1.043478261
0
0.935483871
0.908045977
0.306306306
0.366666667
0.491869919
0.292857143
0
0
0
1.235294118
1.207317073
0
0.08
1.034965035
0.478947368
0.111111111
1
0
0
0.137254902
0.192307692
0.542372881
0.692307692
0.577639752
0.399193548
0.378125
0
1
0
0.6
0.52
0
0.474747475
0.385321101
0.56937799
0.706319703
0
1
0
0
0
0.150943396
0.603773585
0.583333333
0.428985507
0.286666667
1
0
0.592592593
0
1.06
0.551724138
0.366412214
1.348066298
1.291139241
0.664
1
0
1
0.833333333
1.259259259
0.740506329
0.811111111
1.032
0.363934426
0.563694268
0
1
0
0
0.085714286
0
0.305785124
0.38125
0.599078341
0.879699248
1
0
0
0.24137931
0
0
0.470588235
0.78
0.655813953
0.908256881
1
0
0
0.909090909
1
1.57037037
1.791666667
0.595419847
0.640522876
0.481632653
0
0
0
0.939393939
0
0.883116883
0.655172414
0.245283019
0.574468085
0.65034965
1
3
0
0.733333333
0.327586207
1.969230769
0.608108108
0.277027027
0.362573099
0.200892857
0
0
0
0.409090909
0.481927711
1.890243902
1.482758621
1.300699301
0.673728814
0.374213836
0
2
0
0.631578947
0.480519481
0.644067797
0
0.780104712
0.520361991
0.926686217
1
0
0.846153846
0.64516129
0.072289157
0.754385965
1
0.513043478
0.712550607
0.265625
0
2
0
0.315789474
0.160714286
0.521276596
0.414285714
0.661016949
1.047468354
1.059375
0
1
0
0.94
0.575
0.6375
0.346534653
0.663461538
0.174129353
0.849604222
0
0
0
0.5
0.094339623
0.311111111
1.25
0.994413408
0.228971963
0.17114094
0
0
0.380952381
2.5875
1.568181818
0.172413793
0
0.620437956
0.71659919
0.240924092
0
0
0.428571429
0
0.259259259
0.403846154
0.178571429
0.566176471
0.399103139
0.381322957
0
0
0
2.339285714
0.104166667
0.375
0.408450704
0.191011236
0.038338658
1.287096774
0
2
0.518518519
0.338028169
0.637795276
0
0.694656489
0.821596244
1.139705882
0.456824513
0
1
0
0
0
0.314285714
0.854166667
0.925
0.484732824
0.838607595
0
1
0.476190476
0
0.421052632
0.581395349
1.34375
0.315151515
0.348958333
0.506711409
1
0
0.821428571
0.9375
0
0.754098361
0
0.929487179
1.880758808
0.54825462
2
0
0.363636364
0.941176471
0.292682927
0.36036036
0.22972973
0.465753425
0.497942387
0.462046205
1
0
0.739130435
1.019607843
0
0
0.550724638
0.389473684
0.685618729
0.481927711
1
0
1
0
0.36
0.65
0.085714286
0.56
0.514925373
0.64
0
0
0.357142857
0.897959184
0.254545455
0.157480315
0.360824742
0.450980392
0.653333333
0.35
0
0
0.457142857
0.423076923
0.285714286
0
0.072463768
0.9
0.275675676
0.74122807
0
0
0
0.5
0
1.541176471
0.323809524
1.255033557
0.156739812
1.382716049
0
1
0
0
1.969465649
1.640449438
0.227272727
0.592436975
0.63670412
0.72027972
0
1
2.619047619
0
1.6
0.701754386
1.607305936
1.679558011
1.559139785
0.765822785
0
0
0
1.1
0.367346939
0.311111111
1.038095238
0.739669421
0.175438596
1.2
0
1
0
1.386666667
0
0
0.25
0.214953271
0.839712919
0.406340058
1
0
0
0
0.517857143
0.660550459
1.333333333
0.660516605
0.588983051
0.201716738
1
0
0
0.50617284
0
0.824742268
0.471264368
0.768867925
0.550819672
1.022875817
1
1
0
0.950819672
0.567567568
1.150943396
0.276315789
0.382513661
0.644787645
0.840304183
0
0
1
0.177419355
0.871794872
0.823529412
0.237704918
0.55
1.237179487
1.501587302
0
0
0.692307692
0
1.761904762
1.236641221
0.758169935
1.339416058
0.572052402
0.225705329
2
2
0
0.384615385
0.618705036
0.728395062
0.086330935
1.12244898
0.677419355
1.191943128
0
0
0
0.791044776
0.865671642
0.205882353
0.322834646
0.142045455
1.489959839
0.420233463
1
0
0.4
1.326086957
0
0
0.467741935
0.847328244
0.093220339
0.206896552
0
0
0
0.6
0
0.481481481
1.260162602
1.549707602
0.608391608
0.685628743
3
0
0
0
0.694915254
1.314516129
0.335820896
0.312977099
0.256
0.370629371
0
0
0
0.780487805
0.688172043
0.354166667
0.8
1.036144578
0.160550459
0.542199488
0
1
0
1.127659574
0.745454545
0.577464789
0.73006135
0.962441315
1.054545455
0.768392371
0
0
1
0.689655172
2.367346939
1.196078431
0.552
1.581395349
1.12962963
0.544802867
0
1
0
0
0.509803922
0.454545455
0.532846715
1.826771654
1.297520661
0.43062201
0
0
0.604651163
0.357142857
0.789473684
0.441558442
0.432432432
0.148571429
0.429951691
0.372222222
0
0
0
2.72
0
0
1.203821656
0.156069364
0.111764706
1.154269972
0
0
1.454545455
0.613636364
1.329113924
2.045454545
0.3
0.719178082
0.761904762
0.728531856
1
0
0
0
0
1.376344086
1.523809524
0.519480519
0.652173913
0.730088496
0
0
0.896551724
0
1.566666667
0
2.585365854
0.25
0.637254902
0.70609319
0
0
0
0
0
0
0
0.37593985
0.06122449
0.927631579
0
0
0.3
0
0
0.633333333
1.702290076
0.744360902
0.870646766
1.201612903
0
0
0.304347826
0.74137931
0.246575342
0
1.326530612
0.592920354
0.4140625
0.995505618
0
0
0
0
0.582278481
1.033333333
0.558823529
0.54954955
1.542986425
0.608510638
1
0
0
1.702702703
0.898550725
0.619047619
1.3125
0.770833333
0.708029197
0.916932907
0
0
0
0.768292683
0.4
1.375
0.482517483
0.716216216
0.259459459
0.685185185
0
0
0.666666667
0.65
0
0.848837209
1.121019108
0.155172414
0.857142857
0.953020134
1
0
0
0
0.333333333
0.155844156
1.576470588
1.066666667
0.792114695
1.5
0
0
0
1.102564103
0.107142857
0.757575758
1.681481481
0.528455285
0.818815331
0.71849866
0
0
0
0.090909091
0
0.203389831
1.136
0.456221198
0.188172043
0.552795031
1
2
0
0
1.151162791
1.333333333
1.654320988
0.497005988
0.382513661
0.739030023
0
0
1.701492537
0.807017544
0.18
0.129032258
0.355072464
0.506329114
0.514893617
0.25974026
5
2
1
0
0.155172414
0.973214286
0
0.745341615
0.145299145
0.384615385
1
2
0
0
0.977272727
0
0.085714286
0.303370787
0.226666667
0.589576547
0
3
0.794117647
0.466666667
0.088235294
0.108108108
0
0.480314961
0.163120567
0.757303371
0
0
0.928571429
1.050847458
0
0.592920354
0.127272727
0
0.253393665
0.565656566
0
1
0
0
0
0
1.10989011
0.869158879
0.470238095
0.355731225
0
1
0
0
0.351351351
0.327586207
0.145695364
0.234234234
0.418518519
0.365671642
0
0
0
0.253333333
0.407407407
0.905882353
0.627906977
0.747474747
0.796363636
0.553435115
0
0
0.909090909
0
0.375
0
0.825242718
0.320987654
0.161490683
0.802431611
0
0
0
0
0.365853659
0.363636364
0.524324324
0.660377358
0.408602151
0.521327014
0
1
0.571428571
0
1.13559322
0
0.393162393
0
0.360189573
0.341818182
0
0
0.8
0.9375
1.564516129
0
0
0.345238095
0.754716981
1.226865672
0
1
0
0
1.422222222
0.225806452
0.742857143
0.254143646
0.396610169
0.426778243
0
0
0
0
0.157894737
0.394366197
0.403846154
0.428571429
1.275362319
1.57208238
1
0
1
0.75
0.018181818
2.309090909
0.785123967
1.086124402
0.459016393
0.432
0
0
1.333333333
0
0.903225806
0.389830508
0.324074074
0.494444444
1.047808765
0.717086835
0
0
0
0.647058824
0
0.159090909
0.787878788
0.74
1.693236715
0.631578947
0
0
2.46835443
1.592592593
0.307692308
0.76146789
0.309859155
0.112068966
0.653429603
0.646153846
0
0
0
1
0
1.113043478
0.968503937
0.748971193
1.193979933
0.90530303
1
0
0.959183673
0.377358491
0.407407407
0
0.166666667
0
1.248648649
0.233333333
0
0
0.75862069
0
0.9125
0.555555556
0.366336634
0.586330935
0.194656489
0.702702703
1
1
0
0.4
0.358208955
0.655172414
1.084745763
0.27184466
0.955017301
0.939393939
2
0
0.837209302
0
1.169811321
0.1
0.245283019
0.651162791
0.553191489
0.028169014
0
0
0.733333333
0
0
0.118110236
0.137931034
0.5
0.52
0.614814815
1
0
0
0
0.607407407
0.41025641
0.118644068
0.349112426
0.228464419
0.712460064
1
1
0
1.128712871
0.695652174
0
0
0.507246377
0.603174603
0.75974026
0
0
0
0.137931034
0
0.46
0.790909091
0.669014085
1.011029412
0.821011673
0
1
1.826086957
0.744186047
0
0.448979592
1.220125786
0.741935484
0.648760331
0.430463576
0
0
0.545454545
0.6
0.047619048
0.048387097
0.992125984
1.20754717
0
0.792207792
0
0
0
1.815217391
0.479166667
0.46
0.615384615
0.975609756
0.605
1.726244344
0
0
0.47826087
1.760869565
0.227272727
0.565217391
0.026315789
0.131034483
0.672316384
1.229024943
1
0
0
0.607142857
2.528455285
0
0.621052632
1.780748663
0.420731707
1.794029851
1
0
0
0.109589041
0
0.383928571
0.81372549
0.825
0.642622951
0.571045576
0
1
0.75
1.227272727
0.236842105
0.934065934
0.258426966
1.028985507
0.086486486
0.094827586
0
1
0
0
0
1.198275862
0
0.435643564
0.535564854
0.696132597
0
0
0
0
0.447368421
0.944
0.633663366
0.714285714
1.174863388
0.270207852
0
2
0
0.753846154
0
0.525641026
0.5
0.300699301
1.396713615
0.801075269
0
0
0
0.510204082
0.940298507
0.631578947
0.335877863
0.987341772
0.125
0.546391753
0
0
0.526315789
0.8
2.18018018
0.275862069
0.265060241
0.724137931
0.546583851
0.442675159
0
1
0.818181818
0
0.333333333
1.024390244
0.047619048
0.422222222
1.46749226
0.75659824
0
1
1
1.87012987
0.746268657
0
1.274853801
1.141791045
1.606741573
0.582210243
0
1
0.55
0
0.509433962
1.743362832
1.35862069
0.751412429
0.557377049
0.782016349
1
1
0.814814815
1.213114754
0.352941176
0
0.226804124
0.6
0.266949153
0.544715447
0
1
0
1.365853659
0.814814815
0
0.220338983
0.221556886
0.769230769
0.732
0
0
2
0
0.466666667
0.770833333
0.491017964
0.891891892
0.22972973
0.899749373
2
0
0
0
0
0.25
0.365591398
0
0.386956522
0.787439614
1
0
0.43902439
0.185185185
1.078431373
1.473684211
0.114754098
0.979166667
0.211111111
0.957575758
1
1
0.823529412
0.290322581
0.571428571
0.918918919
0.375
0.42
1.123152709
0.561538462
0
1
0
0.780821918
0.076923077
1.652173913
0.748603352
0.335227273
0.417355372
0.254464286
0
0
0.808510638
0.603773585
0.2
1.15625
1.688442211
0.880503145
0.175115207
0.475836431
0
0
0
0.681818182
0.897959184
0
0.217391304
0.220125786
0.378486056
0.637096774
0
0
0
0.245901639
0
1.014705882
0
0.046296296
0.58041958
0.678321678
0
0
0.333333333
0.782608696
1.895424837
0.29787234
0.539325843
0.475
0.979079498
0.38317757
1
1
0
0.533333333
0
1.23943662
0.185185185
0.357894737
0.206225681
0.550724638
0
0
0.909090909
0
0
0.196969697
0
0.608247423
0.466063348
0.389830508
1
1
0.828282828
0.148148148
0
0.71641791
0.691588785
0.790816327
0.244444444
0.399399399
0
0
0
0.803030303
0.396551724
0.670454545
0.926829268
0.132352941
2.550561798
0.35443038
0
0
0
0.65
0.208333333
0
1.297709924
0.788235294
0.922558923
0.525906736
0
0
0
0
0.84375
1.098901099
0.932692308
0.483333333
1.575289575
0.341269841
0
0
2.588235294
1.797752809
0.4
0.352941176
0.527607362
0.889447236
0.951111111
0.746268657
0
0
0
1.347826087
0.772357724
0
0.673684211
0.54676259
0.808510638
0.343324251
0
0
2.25
1.976190476
0
0.365591398
0.597402597
0.879032258
0.424418605
0.585903084
0
1
0
0
0.411764706
0.181818182
1.014084507
0.847058824
0.732673267
1.155813953
0
1
0
0
0.57
0.964285714
1.165354331
0.957746479
0.358974359
0.380434783
0
0
1
0.192307692
0.257142857
0.571428571
1.110091743
0.826347305
0.680124224
0.798850575
0
0
0
1.409090909
0.871794872
0.72
0.775510204
0.508982036
0.42
0.425233645
0
0
0.685714286
0.428571429
0
0.25
0.134328358
0.475524476
0.494444444
0.212837838
0
0
0.615384615
0.625
0
0.445205479
0.903225806
0.492063492
0.346153846
0.275700935
0
0
0.390243902
0
0.055555556
0.462962963
2.483050847
1.181818182
1.080229226
1.01056338
0
0
0.285714286
0.136363636
1.317073171
0
0.884210526
1.381974249
0.623036649
1.287804878
0
0
0
0.489795918
0.654761905
1.696
0.848484848
0.55
0.993506494
0.417004049
1
0
1.764705882
0
0.770491803
0.851851852
0
0.928571429
0.215116279
0.413084112
2
1
0
0.739130435
0.8
0.136363636
0.327272727
1.069444444
0.714953271
0.514285714
1
1
0.264150943
1.38
0.06779661
0.117647059
1.064516129
0.991935484
0.77992278
0.521428571
0
1
0
0.5
0
1.339285714
0.519379845
0.450819672
0.128865979
0.073770492
0
0
0.578947368
1.55
0
0
0.277227723
0.389261745
0.791044776
0.383954155
0
1
0
0.75
0.932038835
1.06993007
1.104166667
0.46031746
0.528301887
0.240121581
0
0
1.238095238
0.46969697
0.311111111
0.735294118
1.302857143
0.636363636
1.090909091
0.328185328
0
1
0
0.818181818
0.878787879
0.10989011
0.788321168
0.268571429
0.139737991
0.599562363
0
0
0
0.85915493
0.6
1.016666667
0.284210526
0.684210526
0.694594595
1.112107623
0
1
1.090909091
0.083333333
0.551724138
0.144329897
0.802631579
0.704347826
0.430493274
0.655826558
0
0
0.571428571
0
0.433333333
0.409638554
1.333333333
0.391304348
2.846774194
0.782608696
0
0
0
2.727272727
1.370967742
0.62962963
0
0.076271186
0.503597122
0.305263158
1
2
0
0.266666667
1.043478261
0.170212766
1.847682119
1.106557377
0.227272727
0.740318907
0
2
0.684210526
0
0.625
0.448598131
0.731481481
0.481012658
0.74
0.227272727
2
0
0
0
1.03030303
0.5
0.5375
0.206060606
0.433823529
0.179039301
0
0
0
0.333333333
0.169491525
0.074626866
0.338461538
0.152380952
0
0.69955157
0
0
0
0.391304348
1.179487179
0.12037037
0.579207921
0.097826087
0.25433526
1.052631579
1
0
0
0
0.184210526
1.108108108
1.295454545
0.418269231
0.318181818
0.517509728
1
0
0
0
1.130434783
0.172413793
0.610837438
0.74893617
0.484375
1.027237354
2
1
1.333333333
2.043478261
0
0.925373134
0.807692308
0.532258065
0.669144981
0.913690476
1
0
3.534883721
0
0.602941176
1.363636364
1.106918239
1.36875
0.484210526
0.593650794
2
0
0
0.90625
0
0.859649123
0.398058252
1.157480315
0.186528497
0.415686275
1
1
0.207920792
0.625
2.025974026
0.219178082
1.692307692
0.237113402
0.282352941
0.714932127
1
0
0
0.516129032
0
0.1875
0.447761194
0.98
1.231292517
0.762114537
0
1
0
0.568627451
0.078125
0.024691358
1.21
0.615819209
1.862542955
1.10982659
0
1
0
1
2.457627119
0.93877551
0.272727273
0.676923077
0.854237288
0.538461538
0
2
0
0.448275862
0
1.182692308
0.279503106
0.581920904
0.19047619
0.433168317
0
0
0
0
0
0.318518519
0.242424242
0.345132743
0.263305322
0.802768166
0
0
0
0.666666667
0.593406593
0
0.329113924
0
0.386075949
0.691860465
0
1
1.8
0.765625
0.831168831
0
0.637931034
0.311926606
0.314079422
0.337142857
1
0
0.578947368
0
0
0.035714286
0.920634921
1.32300885
0.409836066
0.961538462
0
0
0
0.208955224
0.823529412
0.28
1.175257732
0.322222222
0.698675497
0.976890756
0
2
0
0.363636364
0.540983607
0.144927536
1.100917431
0
0.210970464
0.654434251
2
0
1
0.578947368
0.510204082
0.911504425
0.306451613
0.493023256
0.489451477
0.51465798
1
1
0
0.333333333
0.487804878
0.568181818
0.446540881
0.704347826
0.809688581
0.437275986
0
0
0
0.794871795
1.109090909
0.408163265
0.180327869
1.217171717
0.934545455
0.46969697
1
1
0.928571429
0.510638298
1.198473282
2.305785124
1.031578947
0.44047619
1.174311927
0.767527675
1
0
1.622641509
0
1.085106383
1.136363636
0.135135135
0.111111111
0.194719472
0.674418605
0
2
0
0.387096774
0.412698413
0
1.994152047
0.468965517
1.170103093
0.572625698
0
0
0
0
0.754901961
0.44
0.966386555
0.564766839
0.569230769
0.783018868
2
2
0
2.769230769
0
1.47826087
0.550724638
1.263513514
1.536
1.640973631
0
0
0
1.854545455
1.902173913
0.53164557
0.888888889
0.893939394
0.29787234
0.48540146
0
0
0.692307692
0
0.614173228
0.956521739
0.258064516
0.878661088
0.538461538
1.032653061
0
0
0.708333333
0.983050847
0.988505747
0.615384615
1.737142857
0.483606557
0
0.537914692
0
0
0.619047619
3.054545455
1.101694915
0.575757576
0.82278481
0.644067797
0.262376238
0.78
0
1
0
0.555555556
0.565217391
0.538461538
0.808510638
0.271084337
0.188679245
0.32885906
0
0
0
0.428571429
1.066666667
0
0.988888889
0.117021277
1.031111111
0.637323944
1
0
1.37254902
1.509090909
0
0.720930233
0.603960396
1.661184211
0.700280112
0.528125
0
0
3.849056604
1.463917526
0.181818182
0
0.294736842
0.162337662
0.376811594
0.394822006
6
0
0
0.571428571
0.75
0.34375
0.303030303
1.095238095
0.923954373
0.255131965
0
0
0.666666667
0.45
0.954545455
2.026666667
0
0.92139738
0.365853659
0.569131833
0
0
0
0
0.75
1.534482759
0.987179487
0
0.780612245
0.414225941
3
1
0.425531915
0
0.22
0
1.358823529
0.61682243
1.074660633
1.154109589
1
0
0
0.555555556
0.297619048
1.691275168
0.978417266
0.344594595
0.625
0.989501312
1
0
0
1.06122449
0
0.357142857
0.145038168
0.666666667
0.183098592
0.342281879
1
0
0.25
0
1.2
1.389830508
0.791666667
0.608695652
1.312056738
0.809230769
0
0
0
1.771428571
0.614035088
0.784482759
0
0.535714286
0.161764706
0.533333333
0
0
0
0.37254902
0.547619048
0
0.323943662
0.435064935
0.518939394
0.425855513
0
0
0
0.35
1.407407407
0.209302326
0.01980198
0.919254658
0.149350649
0.243589744
0
0
0
0
0.444444444
0
0
0
0.392241379
0.58203125
0
1
0
0
0.421052632
1.296052632
1.126506024
0.626582278
0.929411765
0.324840764
0
0
1.448275862
0
1.967741935
1.056074766
1.139130435
0.130434783
0.916932907
0.725274725
0
0
0
0
0.47761194
0.803149606
0.622222222
0.257142857
0.97752809
0.97826087
4
0
0.897435897
1.522727273
0.692307692
0.75
0.596491228
0.939393939
0.756613757
0.201388889
3
0
0
0.11627907
0.54
0.98989899
1.859813084
1.131868132
1.391198044
1.326576577
0
0
2.4
0.102040816
0.29787234
0.491525424
0.515463918
0.706521739
0.5375
0.335526316
0
1
0
0.409090909
0.930555556
0.298701299
0.884057971
0.632911392
0.85786802
0.37037037
2
1
1
0.950819672
1.633333333
0.527272727
0.328125
0.580952381
0.827922078
0.823353293
0
0
0
0
0
0.36
0.525423729
0.428571429
0.984313725
0.730769231
1
1
0.368421053
0.5
0
1.856
0.811188811
0
0.349112426
0.974522293
0
0
0.925
0.058823529
0
0
0.407079646
0.685314685
1.088082902
0.783269962
1
0
0.333333333
0.988764045
0.8
2.251655629
0.744444444
0.269662921
0.592920354
0.703571429
1
0
1
0.391304348
0.36
0.866666667
1.015873016
0.922705314
0.381818182
1.237875289
2
0
0.692307692
0.413793103
0.256410256
0.623376623
1.217687075
0.852564103
1.129554656
0.162962963
0
1
0.517857143
1
0.75
0
0
0.156862745
0.844621514
0.692307692
1
1
0
0
0
0
1.405228758
0.46875
0.833992095
0.572413793
0
0
0.75
0.2
0.259259259
1.084337349
0.477777778
1.025
0.434554974
1.100917431
3
1
0.648648649
0
0.387096774
0
0.824427481
0.725738397
0.639784946
0.730994152
1
1
0.714285714
1.846153846
0.05
1.384615385
0.269230769
0.768867925
0.613636364
0.216981132
0
0
0
0
0.318681319
0.777777778
0.434343434
0.829059829
0.566820276
0.277591973
0
0
1
2.407407407
0
2.071428571
0.263157895
0.37704918
0.462264151
0.442379182
1
0
0
0.898305085
0.753846154
0.148648649
0.790909091
0.512953368
0.2039801
1.110320285
0
1
0
0
1.397727273
0.425925926
1.145833333
0.983471074
0.692708333
0.73015873
0
1
2.934782609
0.382978723
0.225806452
0
0.692307692
0.325581395
0.24796748
0.47311828
0
2
0
0
0
3.136363636
0.583333333
0.680412371
1.11627907
0.28852459
0
1
0.723076923
1
0.209876543
1.925233645
0.695652174
0.955801105
0.764350453
1.089238845
0
1
0.844444444
2.119047619
0.609375
0.307692308
0.604651163
0.489795918
0.70292887
0.804733728
0
1
2
1.076923077
0.337837838
0.53
0.317073171
0.983606557
0.060301508
0.604651163
1
1
1.707692308
0.183333333
1.013888889
0.142857143
0.778625954
0.720930233
0.152173913
0.925531915
2
0
0.975609756
0
0.28358209
0.643678161
1.062068966
0.731843575
0.357512953
0.407284768
1
1
1.697674419
1.342105263
0
1
0.109589041
0.19379845
0.142201835
0.467532468
0
0
0
0
0.218181818
0.256410256
1.047619048
1.855018587
0.588571429
0.589820359
1
0
0.26
0.281690141
0.558823529
0.611111111
0.205882353
0.256944444
1.254180602
0.484251969
1
2
1.875
0
1.043478261
1.322580645
0.126315789
1.035294118
0.755351682
0.391143911
0
1
0.631578947
0
1.20754717
0.735632184
0
1.042553191
0.19047619
0.174157303
0
0
0.428571429
1.075471698
1.288888889
0.737704918
0.833333333
0.937888199
0.545
0.310344828
0
1
3.1
0.966666667
1.519230769
0
2.247933884
0.477477477
1.037453184
0.689497717
1
0
0.777777778
0.957446809
0.794520548
0.767241379
0.115384615
0.068965517
0.438016529
0.38671875
2
1
0
0.628571429
0
0.969325153
0
0.847560976
0.666666667
0.228395062
0
1
0.620689655
0.716981132
0.75862069
0.560606061
2.155555556
0.494565217
0.172043011
0.725108225
1
0
0.434782609
0
0.206896552
0
0.871165644
0.463087248
0.372670807
0.452459016
0
0
0
0
0.368421053
1.066037736
1.147286822
0.5
0.107981221
0.387387387
0
0
0.888888889
0
1.788235294
0.492063492
0.440414508
0.577142857
0.413533835
0.119883041
0
5
0
0
0.808219178
0
0.606060606
1.079365079
0.36627907
0.56884058
1
0
0
0
1.736263736
0
0.759493671
0.069767442
0.273972603
0.371052632
0
0
0
0
0
0.777777778
0.16
0.07253886
0.6359447
0.422222222
1
3
0
0.446428571
0.064516129
0.256756757
0.353448276
0.271111111
0.596330275
0.356321839
0
1
0.30952381
0
0
0.548387097
0.314814815
0.776595745
0.658450704
0.455657492
2
1
0
0
1.183333333
0.318181818
1.157894737
0.219354839
0.496031746
0.637450199
0
0
0
0.986842105
0.25
0.475728155
0.415254237
1.059760956
1.604166667
0.530821918
2
0
0.375
0.891891892
1.293233083
0.843373494
0.945121951
0
1.24025974
0.621527778
1
0
0.4
0
0
1.06557377
1.032786885
0.692771084
1.026455026
0.383419689
1
0
0
0
0.346153846
0.681818182
0.462121212
1.560150376
0.974522293
0.577039275
2
1
0
0.742857143
1.098765432
1.055555556
0.454545455
1.267857143
0.456852792
0.906614786
1
3
0
0.451612903
0.272727273
0.228571429
0.592105263
0.55
0.590551181
1.070621469
0
1
0
0
0.245283019
0.574468085
0.952380952
0.291666667
0.212435233
0.371980676
0
2
0
0
0.232142857
0.188405797
0.717391304
1.012820513
0.285714286
0.894308943
4
0
1.56
0.185185185
0.78313253
0
0.014492754
1.061032864
0.581589958
0.686006826
0
2
1.387096774
0.225
0.567164179
0.833333333
1.370044053
0.490196078
0.960893855
0.20746888
0
0
0.513513514
0
2.923076923
0.943925234
0.44047619
0.852071006
0.794594595
0.78807947
0
0
0
1.473684211
0
1.373333333
0.615384615
0.89958159
0.636871508
0.55
0
0
0
0.967741935
1.423529412
1.685950413
0.637583893
1.102150538
0.948717949
1.025862069
0
0
0
0.067961165
0.18018018
0.231707317
0.12295082
0.9
1.031428571
0.468468468
0
0
0
0.380952381
0.282352941
0.465517241
0.639534884
0.884615385
0.333333333
0.532163743
0
0
0.789473684
1.577586207
0.36
1.040983607
0.535714286
1
0.651428571
0.054545455
0
0
1
0
0.086956522
0.090909091
0.142857143
0.339622642
0.724637681
0.82585752
0
0
0
1.6
0.8
0
1.970149254
0.653465347
0.335365854
0.409556314
0
0
0.875
1.384615385
1.061538462
0.7
0.673684211
0.288
0.337278107
0.598784195
0
0
0
0
0.545454545
0.431372549
1.172131148
0.915730337
0.522727273
1.381088825
0
0
0.5
1.315789474
0.647058824
1.372881356
1.134751773
2.098765432
1.07266436
0.298850575
1
0
3.380952381
1.4
0.666666667
0.165137615
0.367816092
0.87431694
0.423423423
0.532467532
0
0
0.288461538
0.576271186
0.048387097
0
0.668711656
0.26993865
0.437931034
1.664609053
0
0
0
0.929577465
0.686567164
0.444444444
0.521212121
0.689320388
0.723849372
0.375404531
0
0
0
1.725490196
0
0.676767677
1.333333333
0.857142857
0.322033898
0.835106383
0
0
0
0
0.25
0.526315789
1.337078652
1.884057971
0.509803922
0.513157895
0
0
0
0.957894737
0.409090909
1.111111111
0.316326531
0.224299065
0.233766234
0.49702381
0
0
1
0
0.851851852
0.447619048
0
1.391975309
1.537117904
0.720779221
0
0
0.837837838
0
0.625
0.184782609
0
0.531818182
0.033210332
0.666666667
0
0
0
1.290322581
0
0.42
0.183333333
0.377777778
0
0.390946502
1
1
0
0.1875
0.382978723
0.671232877
0.260869565
1.050359712
0.888252149
0.619596542
0
0
0.444444444
1.095238095
0.75
0.989583333
0.682119205
0.630769231
0.618852459
0.9
0
0
0
0.459770115
0.419753086
0.206349206
0.495798319
0.560240964
0.290960452
1.468152866
2
0
0.390625
0
0
1.219512195
0.891025641
0.16
0.642201835
0.663157895
0
1
1.725490196
0
0
0
0.203389831
0.45
0.1
0.534534535
0
0
0
0
0
0.148760331
1.428571429
1.007042254
0.582677165
0.425396825
0
0
0.904761905
0.208955224
0
0
1.365853659
0.643678161
0.586065574
0.765714286
0
1
0.943181818
0.166666667
0
0
1.581560284
0.512820513
0.505376344
0.172043011
1
1
2
0.736842105
0
0.739130435
0
0
0.583657588
0.487903226
0
0
0.566037736
0
0.420289855
0.689655172
1.904761905
0
0.413716814
0.635338346
0
1
0
0
0
0.765625
0.166666667
0
0.77027027
0.506451613
2
1
0
0.714285714
0.9
0.103448276
1.433333333
0.531428571
0.3125
1.078674948
1
0
0
0
0.710526316
0.5
0.816666667
0.738461538
0.839506173
0.655290102
1
0
0
0.555555556
0.845360825
0.417475728
0.720720721
0.154320988
0.328358209
0.57480315
0
0
0.538461538
0.615384615
0.583333333
0
0.136
0
0.248484848
0.591216216
0
0
0.4
2.32
0.34939759
0.255102041
0
1.012820513
0.765
0.882352941
1
0
0
0
0
0.708860759
0.154761905
0.732954545
0.886792453
0.247588424
0
0
0.379310345
0.758064516
0.505747126
0.481203008
0.503816794
0.391509434
0
0.666666667
1
0
0.476190476
1.896551724
0.71641791
0.850574713
1.140127389
0.553846154
0.877729258
0.302114804
0
0
0.918918919
0
0.621621622
0.268292683
0.307692308
0.611428571
0.334677419
0.235449735
0
1
0
0.689655172
0.704545455
0
0.144736842
0.767857143
1.103813559
0.603225806
0
0
2.714285714
0.386666667
0.428571429
0.537634409
0.277777778
0.770562771
0.152542373
0.754966887
0
0
0
0
0.783783784
0
0.835680751
0.481675393
1.699074074
0.696113074
0
0
0
0.463157895
0.852941176
1.808510638
0.610619469
0.467153285
0.212903226
0.884984026
0
1
0
0.243243243
1.35483871
0.53030303
0.08
0.610294118
0.085227273
0.230769231
0
1
0.135135135
0
0.476744186
0
1.08490566
0.265306122
0.966101695
1.336391437
0
0
0
0
0
0.161290323
0.952
0.725490196
1.10367893
0.302583026
0
0
3.75
0.403846154
1.23943662
0.486956522
0.727272727
0.401960784
1.235880399
0.613953488
1
1
1
0
1.325925926
0
0.840707965
0.358490566
0.122222222
0.233870968
0
1
0
0.658536585
0
0
0.391304348
0.8375
0.333333333
0.706161137
0
1
0
1
0.61971831
0
1.546875
0.230088496
0.466165414
0.441295547
0
3
0
0.526315789
0
0.418803419
0.73480663
0.685185185
0
0.113207547
0
0
0.419354839
1.290322581
0
0
0
0.251968504
0.707509881
0.739811912
0
0
0
0.411764706
0.490566038
0.116666667
0.849462366
0.592592593
0.232142857
0.596618357
0
1
0
0.880597015
0
0.285714286
0.407894737
0.206349206
0.452702703
0.635451505
0
0
0
1.089285714
0
0
0.41025641
0.546583851
0.114457831
0.863109049
0
0
0
0.594594595
0.454545455
0
1
0.10989011
0.553299492
0.332214765
0
0
0.304347826
0.75
0
0.240506329
0.534246575
0.187969925
0.617554859
0.762025316
3
0
0
0
0
0.272727273
0
0.191489362
0.144230769
0.264094955
0
0
0
0
0.272727273
0.898734177
1.240740741
0.13559322
0.454277286
0.802559415
0
0
0.566037736
1.298969072
0.571428571
1.478632479
1.410596026
0.927419355
0.117370892
0.893617021
0
0
1
0.725
0.830769231
0.222222222
0.605769231
0.691176471
1.160784314
0.714285714
1
0
0.888888889
0
1.253731343
0.886956522
3.6
0.472049689
0.473945409
0.271137026
2
0
0
1.72
0.260869565
0.326530612
0.395348837
1.742424242
0.796875
1.232484076
2
0
1.234042553
0
1.354166667
0.378378378
0.273809524
0.5
0.137566138
0.779255319
1
1
1.622641509
0
0.714285714
0.390804598
1.182352941
0.559808612
0.288135593
0.733727811
0
1
1.891304348
0.310344828
0
0.741176471
0.885542169
0.259541985
0.123287671
0.090425532
0
0
0
0.529411765
0
0.970149254
0
0.502890173
0.308333333
0.492877493
0
1
0
0
0.338461538
0.375
0.180851064
0.723529412
0.802238806
0.46692607
0
0
0
0.583333333
0
0.41025641
0
1.060301508
0.576271186
0.514106583
0
1
1
0.964705882
0
1.147058824
1.239726027
0.956756757
0.664804469
1
0
1
2.513513514
1.287234043
0.404494382
1
0.235955056
0.108108108
0.638461538
1.665706052
0
0
2.785714286
0.85
0.289473684
1.25
0.592592593
0.708333333
0.421602787
0.362179487
0
0
0
0
0.121212121
0.597560976
1.153846154
0.189655172
0.186666667
0.881889764
0
0
0
0
1.085714286
0.358695652
0.948598131
1.743718593
1.194520548
0.686528497
3
0
0.4375
0
0
0
0.166666667
0.806557377
0.651340996
0.644128114
0
0
0
0.739130435
0
0.588235294
0
0.490566038
0.436440678
0.371710526
1
0
1.5
0
0.475409836
1.949275362
0.931034483
0.1875
1.278625954
1.585020243
1
0
0
0.25
0.65
0.4
1.9375
1.053097345
0.630952381
0.710875332
0
2
1.553571429
1
0.333333333
2.382165605
0.989010989
0.748571429
0.386885246
0.316151203
0
1
0
0.604651163
0
0.347826087
1.147887324
0.24822695
0.543103448
1.077272727
0
0
0
0.692307692
0.576923077
0
0.427272727
2.2
1.109803922
0.935294118
1
0
0
0.983050847
0.333333333
1.273584906
1.440944882
0.808219178
0.591304348
0.045685279
0
0
0
0.3125
0
0.109090909
1.5
1.286407767
0.370106762
0.875
0
1
0
0.885714286
0.808219178
0.595505618
1.647058824
0.144736842
1.05
0.653846154
0
1
0
0
0
0.170731707
0.786885246
0.585714286
0.769230769
0.658461538
0
0
0
1.166666667
2.25
0.32967033
0.438356164
0.961538462
0.473214286
0.834983498
0
2
0
0
0
0.333333333
0.223684211
0.379807692
0.63902439
1.003257329
1
0
0
0
0.148148148
0.166666667
0
0.5
0.180232558
0.208
0
0
0
0
0
0.484848485
0.204545455
0
0.243902439
1.257253385
0
0
0
0.795454545
0
2.296875
0
0.948453608
0.9
0.505747126
0
2
0.818181818
1.333333333
0
0.083333333
0.918699187
0.718309859
1.601476015
0.802564103
1
1
0.644067797
2.058139535
0.578947368
0.470588235
0.888059701
0.271889401
0.628640777
0.84
1
1
0
0
1.978723404
1.234782609
1.258992806
0.666666667
0.919732441
0.807073955
1
0
0.796296296
1.368421053
0.759259259
0.357142857
0.752212389
0.61
0.678571429
0.679012346
0
0
0
0.222222222
0.506849315
0.294117647
0.807453416
0.144
0.484536082
0.572687225
0
0
2.459459459
0.617647059
1.253012048
0.205882353
0.909774436
0.386904762
0.641921397
0.974063401
0
0
0
0.939393939
0.5
1.202380952
0.819672131
1.067039106
0.606060606
0.403508772
0
1
0.875
0.869565217
0
0
0.810126582
1.05988024
0.782352941
0.746701847
1
1
0
0
1.361904762
1.37254902
1.5
0.429906542
1.802898551
1.646341463
0
0
0.6875
0.206349206
1.336283186
0.222222222
1.348314607
0.666666667
0.188679245
1.6125
0
1
0.408450704
1.470588235
0.721311475
0.846153846
1.448717949
0.691176471
0.401041667
0.602272727
1
5
1.125
0
0.653846154
0.567901235
0.654545455
0.245762712
0.707509881
0.565217391
0
1
1
0
0.479166667
0
1.015384615
0.325892857
0.700787402
0.749333333
0
0
0
0.716981132
0
0
0.435406699
0.789617486
0.292857143
0.581749049
0
0
1
1.076923077
0
0
0.5
0.58974359
0.272727273
0.319066148
0
0
0
0.577777778
0.86440678
0
0.71978022
0.445714286
1.047138047
0.864661654
0
0
1.411764706
1.222222222
0
0.104651163
0.678571429
0.408045977
0.854237288
0.27607362
0
1
0.090909091
0.608695652
0.708333333
0.96039604
1.18627451
0.466666667
0.357142857
0.504672897
0
0
0.423076923
0.463414634
0
0
0
0.65
0.555555556
0.219895288
0
0
0
0
0
0.238095238
0.369863014
0.421487603
1.426356589
2.162100457
0
0
0.583333333
2.214285714
0.375
0.466666667
1.4
0.091603053
1.047770701
0.787172012
0
0
1.25
0.188679245
0
0.533333333
1.5078125
0.642201835
0.393782383
0.434456929
0
0
0.5
0.282051282
0
0
0.303797468
0.132075472
0.751072961
0.343949045
0
0
1.8
0.333333333
0
0
0.301886792
1.594713656
0.768907563
0.262237762
0
0
0
0.90625
0
0.807692308
1.246153846
0.641509434
0.570512821
1.463190184
0
0
2.090909091
2.666666667
0.212765957
0
0.37804878
1.819047619
0.380952381
0.76109215
3
0
3.660130719
0.352941176
0.734375
0.898734177
0.493333333
0.545454545
0.71886121
0.070895522
0
1
0.6875
0.52173913
0.806451613
0.375
0.147540984
0.078431373
0.113636364
0.299435028
0
2
0.6
0.680555556
0.282051282
0
0.625
0.798816568
0.738916256
0.016806723
0
0
0
0
0
0
0.060606061
0.2
0
0.393939394
0
0
0
0
1.164383562
0
0.244680851
0
0.101694915
0.397129187
0
0
0
0.076923077
0
0
1.184615385
0.076335878
1.17
1.014925373
0
0
0.15625
0.379310345
0.6125
0.632352941
1.318965517
2.398907104
0.447058824
0.897959184
0
0
0.545454545
0
0.513888889
0.408759124
0.328358209
0.406451613
0.867403315
0.625498008
0
0
0
1.014492754
0
0.46
1.056451613
1.08045977
0.619469027
0.504983389
0
0
1.894736842
1.561643836
0
1.336206897
1.023364486
0.675675676
0.775438596
0.90389016
1
1
0
0.410714286
0.294117647
1.218487395
0.64
1.22972973
0.613065327
1.436708861
1
1
0
0.484848485
0.194444444
0.517241379
0.833333333
1.422924901
0.983935743
1.226337449
1
1
1
0
0.423076923
0.423076923
0.34375
0.352941176
0.218604651
0.980237154
0
0
0.583333333
0
0
0.101010101
0.331210191
0.065868263
0.50952381
1.244988864
0
2
0
1.5078125
0.852941176
0.875
0.2109375
0.242424242
0.662721893
1.106382979
0
0
0.607142857
0
0
0.236111111
0.24
0.516483516
0.989726027
1.077348066
0
1
0
1.481481481
0.416666667
0.685714286
1.323943662
0.391891892
1.434782609
0.609452736
0
1
0
0.363636364
0.93877551
1.539215686
0.55952381
1.38172043
0.457142857
0.8
0
0
0
0.18
0.490196078
0.125
0.393258427
1.1171875
0.762068966
0.550522648
0
0
0.46031746
0.755319149
0.921568627
0
0.506329114
0.475138122
0.10880829
0.332046332
0
1
0
0.258064516
0
0.731707317
0.138297872
0.573248408
0.265306122
0.347457627
1
0
0
0
0.25
0.367088608
0.382352941
0.298245614
1.231884058
0.73877551
0
1
0
0.846153846
1.329113924
0.287671233
0
0.488262911
0.256880734
0.925714286
0
0
0.482758621
0
0.701923077
0.611764706
0.067039106
0.433962264
0.450549451
0.526027397
2
1
0.567567568
0.723404255
1.057971014
0
1.862318841
0.578947368
0.854092527
0.124481328
0
0
0
0.735849057
1.489795918
0.397959184
0.702702703
1.42519685
0.75
0.779735683
0
0
0.625
0.904761905
0
0.15
0
0.4
0.365168539
0.534391534
0
1
0.941176471
0.666666667
0.435483871
0.373134328
0.361538462
0.338129496
0.121546961
0.325242718
0
0
0.32
1.362318841
1.111111111
0.544444444
0.268041237
0.571428571
0.071428571
0.29245283
0
0
0
0
0
1.174825175
0.147368421
0.727272727
0.871165644
0.646687697
0
2
1.615384615
0.583333333
1.707865169
0.208333333
0.342105263
0.55625
0.168918919
0.5
0
0
0.666666667
0
0
0
0.411764706
0.827586207
0.234042553
0.324427481
1
0
0
0.76
0.474358974
0
0.277777778
0.281437126
0.594674556
0.645061728
0
0
0.538461538
0
0.966666667
0.638888889
0.230769231
0.834710744
0.098684211
0.778169014
1
0
1.45
1.309090909
3.037037037
0
0.326732673
0.177083333
0.858447489
0.12601626
2
1
0
0
0.25
0
0.289156627
0.4
1.036458333
0.126696833
1
1
0
0.6
1.2375
0.653846154
0
0.711111111
0.926470588
0.74516129
0
0
0
0.16091954
1.236363636
0
0.129411765
1.80141844
0.697841727
0.297921478
0
0
1.473684211
0
0.779411765
0.356589147
1.067073171
0.488479263
0.614678899
1.083601286
1
0
0
0
0.825503356
1.897590361
1.179856115
0.787610619
0.892744479
0.984189723
1
0
0
0
1.784615385
0.738461538
1.383561644
0.486486486
0.625
0.558219178
0
1
1.5
0.769230769
0.78125
0.688888889
0
0.192771084
0.302788845
0.486146096
0
1
0.172413793
0
1.03125
0.619047619
0.257142857
0.348214286
0.084444444
0.055921053
0
1
0
0
0.936936937
0.23655914
0.272727273
0.145038168
0.211320755
1
0
1
1
0.318181818
1.403846154
0.639344262
0.745901639
0.936936937
0.725274725
0.896640827
0
2
0.458333333
1.745098039
0.333333333
0.526315789
0.425806452
0.701357466
0.760180995
0.379661017
0
0
0
0
0.705882353
0.2
0.196850394
0.234972678
0.468503937
0.094827586
0
0
0.64556962
0.265306122
0.19047619
0.608247423
0.220338983
1.275862069
1.079734219
0.40952381
0
0
1.53968254
0
1.63559322
0.493333333
0.371681416
0.212765957
1.116504854
0.492574257
0
1
1.16
1.237288136
1.111111111
0.201834862
1.683333333
0.79245283
0.775510204
0.515463918
0
1
0
0.866666667
0
0.047619048
0.651162791
1.140562249
0.378109453
1.026946108
0
0
1.733333333
0.6875
0
0
0.444444444
2.683937824
0.839378238
0.514285714
0
1
3
0.388888889
0.6
0.235294118
0.789473684
1.302419355
1.208661417
0.803333333
0
1
0
0.551020408
0.085714286
0
0
0.436018957
1.228215768
1.230366492
0
1
0
0
0
1.059259259
0.604026846
0.607843137
1.306282723
0.560606061
3
1
0
1.9875
1.725490196
1.947368421
0.022321429
0.853333333
0.854227405
1.411411411
0
1
0.733333333
0
0
0.469565217
0.582278481
0.779816514
0.244019139
0.485875706
0
0
2.552238806
0.745454545
0.375
0.438356164
0.363636364
0
0.420289855
0.708333333
0
0
2.8125
0.637096774
1.739130435
0.338461538
0.741071429
0.179104478
0.353658537
0.222222222
0
0
1
0.344827586
0
0.81
0.150943396
0.787234043
0.421818182
0.276470588
2
0
1.619047619
0
0.233333333
0.405405405
0
0.243478261
0.826923077
0.426108374
0
0
0.185185185
0.844444444
0
0
0.784431138
0.137096774
0.612716763
0.345565749
0
0
0
0.944444444
0.108108108
0.533333333
0
0.357894737
0.456953642
0.209302326
1
0
0.323529412
0
0
0.74025974
0.189655172
0
0.5
0.573717949
0
0
0
0
0
0.15
0.45412844
0
0.35308642
0.929618768
0
0
0.476190476
0
0.358974359
1.40625
0.457364341
0.197802198
1.893103448
0.903703704
0
0
0.9
0
0.96875
0
0
0.873170732
0.590405904
0.617737003
4
0
1.767676768
0
1.472222222
0.752293578
0.940298507
0.309090909
0.2
0.223744292
1
1
0
0.689655172
0.603174603
0
0
0.642487047
0.212121212
0.576802508
0
0
1
0
0.161290323
0
0.214285714
0.48427673
0.417721519
0.364035088
0
0
0
0
0.192307692
0
0.019480519
0.222222222
0.83935743
1.064066852
1
1
0.4
0.6
0
0.895348837
0.338983051
0.254716981
0.771186441
0.801980198
0
0
0
0
0.194174757
0.203125
0.078125
0.393258427
0.803519062
0.931899642
0
0
0.76
0.449275362
0.584415584
0.651162791
0.845070423
0
0.708757637
0.793220339
0
0
0.75
0
0
0.113207547
1.077253219
0.510638298
0.85106383
0.586345382
0
0
0.896551724
1.176470588
0.607476636
1.173913043
0.568181818
0.217391304
0.528571429
0.722689076
0
0
0
1.052631579
0.972972973
1.082191781
1.13559322
1.130434783
0.472727273
1.137931034
0
1
1.64
0.613636364
0
0
0
0.448529412
0.255102041
0.108695652
0
0
2.454545455
0
0.472727273
0
1.112068966
0
0.516339869
0.487179487
0
0
0.363636364
0.347826087
1.136363636
0.307692308
0.130434783
0.06185567
0.341968912
0.251012146
0
0
0
1.433333333
0.822222222
0.656862745
0
0.133858268
0.261780105
0.273381295
0
0
0
0.785714286
1.732673267
0.853658537
0.196261682
0.276315789
0.391111111
0.538461538
0
0
0
0.423076923
0.479166667
1.566137566
1.240740741
0.768595041
0.727678571
0.759803922
1
2
0.615384615
1.661971831
0.391752577
0
2.34375
0.095238095
0.986842105
0.707762557
0
0
0
0.741935484
0.541666667
1.139240506
0.345679012
2.248447205
0.514767932
1.21192053
2
0
0
0
0
0.545454545
0
1
0.939481268
0.491176471
0
1
0
0
0.858823529
0.719101124
1.173770492
0.59223301
0.494949495
0.430594901
0
0
0
1.386363636
0.825396825
0
0.262773723
0.294964029
1.120171674
0.54723127
0
0
0.7
0
0.569767442
0.860759494
0.634408602
0
0.598746082
1.656626506
0
1
0
0.525
3.877777778
0.508474576
1.743801653
0.368217054
0.19375
0.709969789
0
0
0.769230769
0
0
1.056074766
0.101265823
2.413114754
1.113013699
0.418604651
0
0
0
0.781818182
0.676470588
0.951219512
0.408695652
0.694915254
1.134285714
0.983091787
2
1
0
0
1.344262295
0.189189189
0.634146341
0
0.549180328
0.632478632
1
3
0
0.682539683
0
1.404255319
0.34
0.601851852
0.845070423
0.3089701
1
0
0
0
0.371794872
0.353658537
0.779661017
0.049180328
0.234042553
0.34351145
0
0
0
0
0
0.185714286
0.578313253
0.245033113
0.590909091
0.176165803
1
1
1
0.533333333
2.366666667
0.5
0.536842105
0.119047619
1.333333333
0.926739927
0
0
0
0
0.255319149
0
2.495049505
0.2890625
0.641304348
0.868159204
1
2
0
1
0.073529412
0
1.345360825
0.8
0.416666667
0.651917404
0
0
0.903846154
0
0.84375
1.666666667
1.076271186
0.785714286
0.592948718
0.505660377
1
0
0.684210526
0
0.3
0.529411765
0.730769231
0.384259259
0.768240343
0.640102828
2
0
0
0.306818182
1.083333333
1.132075472
0.068181818
0.343434343
0.091803279
0.320557491
0
0
0
1.605263158
0
0.645833333
0
1.66
1.650429799
0.658486708
0
0
0.644444444
0
1.147540984
0.438596491
0.238095238
0.078740157
0.563706564
0.689655172
2
0
0
0.347826087
1.041666667
0.770833333
0.341968912
0.5
0.221238938
0.283737024
0
1
1.377777778
0.776119403
1.986486486
0.881188119
0.221052632
0.242774566
1.296774194
0.479532164
0
1
0.666666667
0.862745098
0.659090909
0.784482759
0.145348837
1.295302013
1.175438596
0.164150943
0
1
0
0.315789474
0.106666667
0
0.454545455
1.082278481
0.317307692
0.699619772
0
1
0.6
1.214285714
0.699029126
0.5
0.627118644
0.280373832
0.815165877
0.606918239
0
1
0
2.4
0
0.306818182
0.778688525
0.540772532
0.749019608
1
0
0
0.8125
0
0.4
0.137931034
0.664772727
1.469879518
0.617816092
1.198757764
0
1
0.5
0
0
0
0.168224299
0.177570093
0.319767442
2.002304147
0
1
1
0
0.75
0.768115942
0.402298851
0.302325581
0.554347826
0.237547893
0
0
1.55
0.860465116
0.411764706
0.72
0.527472527
0.802575107
0
0.324022346
0
0
0
0
0
1.477477477
0.314606742
1.041884817
0.366459627
0.847826087
4
0
0
0
0
0.717647059
0.028571429
0.432432432
0.529411765
0.701449275
2
0
0.916666667
0
1.040650407
0.414141414
0.044642857
0.970760234
0.715753425
0.513513514
0
0
0.375
0.363636364
0.4
0.911111111
0.903225806
0.725274725
0.032894737
0.360995851
0
0
1
0
0.759615385
0.904761905
0.544444444
0.3125
0.752252252
0.310344828
2
0
0
0.578947368
0.844444444
0.164383562
0.054794521
0.204301075
0.212765957
0.157575758
0
0
0
0.75
0.428571429
0
0
0.14516129
0.69348659
0.474264706
0
1
1
0.545454545
0
0.283783784
1.805825243
0.466101695
0.318181818
0.383084577
0
0
0
0.642857143
0.39047619
0.098039216
0
2.215827338
0.59375
0.224899598
0
0
0
0
0.872727273
0.947368421
0.014084507
0.4140625
0.831578947
0.759146341
0
0
0.808510638
4.833333333
0.785714286
0
1.006134969
0.315068493
0.643153527
0.340540541
1
2
0
0.433333333
0.260869565
0.537037037
0
0.114035088
0.326530612
0.508896797
1
0
0
1.090909091
2.608695652
0.125
0.833333333
0.394366197
0.49704142
0.877358491
0
0
0
0.3125
0.170212766
0.205128205
0.472727273
0.427745665
0.936170213
0.619153675
0
1
0
0
0.222222222
0
0.088888889
1.254310345
0.258064516
0.417445483
0
2
0
0.318181818
0.785714286
0.116883117
0.817567568
0.094059406
1.967261905
1.364829396
1
0
0
0
1.362318841
0.344444444
0.578378378
0.264367816
0.236051502
1.305912596
1
0
1
2.541176471
0.5625
0.179487179
0
0.842105263
0.660714286
1.051219512
0
0
0
0.971428571
1.074766355
0.539325843
0.573333333
0.894039735
0.824489796
0.42962963
1
0
2.987951807
0.62962963
1.245283019
0
0.457943925
0.25
0.275510204
0.112759644
2
0
2
0
1.252173913
0.364963504
0.298342541
0.424242424
0.32
1.938906752
0
0
0.95
1
0.541666667
0.222222222
0
0.274336283
0.538461538
0.592465753
0
0
0.422222222
0.270833333
1.479166667
0
0.240310078
0.187878788
0.088235294
0.262711864
0
0
0
0
0
0.139534884
0.155555556
0.352380952
0.184782609
0
1
2
0
0.175
0.349206349
0
0
0.314606742
0.47826087
0.52016129
0
0
0.676470588
0
0.44047619
1.226804124
0.020833333
0.165467626
0.868852459
1.053571429
0
0
0
0.684210526
0.366666667
0.291666667
0.068027211
0.224137931
0.177489177
0.687285223
0
2
0.236842105
0.633333333
0.444444444
0
0.348314607
0.886666667
0.848708487
0.56462585
0
0
0
0
0.363636364
0.175438596
0.403225806
0.547486034
0.478021978
0.759689922
0
2
0.516129032
0.786885246
0.228571429
0.492307692
0.56097561
0.159793814
0.821818182
0.280182232
0
1
1
1.491525424
0.288888889
0.959459459
0
0.265432099
0.64028777
0.53030303
0
1
0.844444444
0.835820896
0.32
0
0.431034483
0.210526316
0.490039841
0.188311688
1
0
0
0.275
0.756097561
1.719626168
0.887096774
0.977099237
0.248908297
0.11814346
0
0
0
0.301587302
0.545454545
0.835164835
0.808219178
0.342592593
0.502415459
0.743589744
0
0
0
0
0.646464646
0.128205128
0.093457944
0.167664671
0.069306931
0.92
2
1
0
0
0.340909091
0.257142857
0
0.836206897
0.735294118
0.38172043
1
0
0
1.375
0
0.162162162
0.53
0.575539568
0.195918367
0.039634146
0
0
0
0.703125
0.78021978
2.215909091
0.160493827
0
0.044247788
0.270588235
0
0
0.9
0
0
1.619047619
0.916666667
0.47761194
0.399103139
0.621052632
1
0
1.314285714
1.096774194
0
0.35483871
1.363636364
1.133333333
0.786941581
1.141104294
0
2
0.681818182
1.318681319
0.346153846
0.294117647
0.296610169
0.64171123
1.490909091
0.955621302
0
0
0.655172414
0.176470588
0.091954023
1.270833333
0.47107438
0.5215311
0.348837209
0.9140625
0
0
0
1.58974359
2.867647059
0.481481481
1.921875
0.75
0.541666667
0.914040115
0
1
0
0
0.184615385
0.648648649
0.390909091
0.477477477
0.851758794
0.699228792
0
1
0
0.558823529
1.166666667
0.925925926
0.223880597
2.50625
0.385714286
0.195121951
2
0
2.372881356
1.846153846
0.545454545
1.98
1.025316456
0.916129032
1.688259109
0.600600601
1
0
0.444444444
0.571428571
1.032608696
0
1.181818182
1.051162791
0.853556485
0.614035088
0
1
0
0.805555556
0.443478261
0.421052632
1.458333333
0.669291339
0.136363636
0.435356201
1
0
0
0
0.15
0.491525424
0.037037037
0.624242424
0.676136364
1.248908297
0
0
0
0.740740741
1.482142857
0.6
0.380952381
0.253246753
0.286458333
0.95106383
1
1
0.245283019
0
4.563636364
0.128571429
0.983606557
1.209205021
0.649038462
0.962138085
0
0
0.909090909
0.5375
0.738095238
1.414414414
1.504
0.909774436
0.092715232
0.298780488
1
1
0
1
1.067567568
0.315789474
0.485294118
0.367567568
0.125
0.397540984
0
0
0.257142857
0.058823529
0.864864865
0.485714286
0.482758621
0.489130435
0.733727811
0.882978723
0
0
1.032258065
1.176470588
0.924242424
2.260606061
0.512
2.286324786
0.678200692
0.481012658
1
1
0
0
0.202020202
0
2.582089552
0.395604396
0.818815331
0.376506024
0
0
0
0.46875
0.307692308
0.379746835
0.712328767
0.861607143
0.623100304
0.696750903
0
0
0.434782609
0
0.895348837
0.461538462
0.071428571
1.196721311
0.875
0.478114478
0
0
0.261904762
0
0.426229508
0
0.423076923
0.302083333
0.25
0.399328859
1
0
0
0.71875
0.761904762
0.846153846
0.197674419
0
0.48427673
0.564102564
1
0
0
0.931506849
0.764705882
0.386666667
0.630630631
0.628205128
0.56640625
0.187214612
0
2
0
1.288461538
0
0
0
0.709677419
0.256410256
0.757894737
0
0
0
0.367346939
0.666666667
0.693641618
0.842105263
0.106796117
0.878378378
0.63559322
1
0
0
0.740740741
1.04109589
0.140740741
1.163636364
0.495652174
0.182648402
0.635854342
2
0
0.821428571
2.447368421
0.923076923
0.683673469
0.436619718
0.85440613
0.427906977
0.104712042
0
0
0.382352941
0.223880597
0.416666667
0
0.142857143
0.745098039
0.708791209
0.504451039
1
0
1
0.364864865
0.488888889
0.19047619
0.285714286
0.673913043
0.254032258
0.825
2
0
0
0
0.438356164
0
0.37037037
0.956790123
0.216666667
0.521939954
1
0
0
0
0
1.714285714
0.546875
0.435483871
0.167741935
0.606896552
0
0
0
0.155555556
0.333333333
1
2.005128205
0.421686747
0.82421875
1.053846154
0
0
0
0
0.528571429
0.281690141
1.568627451
0.796747967
0.644859813
1.019230769
0
0
0
0
0.490566038
1.432835821
0.285714286
0
0.920529801
1.316582915
0
0
1
0
1.2
0.107142857
0.659090909
0.229508197
0.858974359
0.731034483
0
1
1.333333333
0.380952381
0.666666667
1.204545455
0.523809524
0.248120301
0.556485356
1.517073171
0
1
0
0.428571429
0.882352941
0
1.027777778
0.828828829
0.636619718
1.016326531
0
0
1
1.487804878
0
1.024390244
1.009345794
0.068627451
0.37254902
0.194630872
0
0
0
0
2.666666667
0.511278195
1.561983471
0.068965517
0.657142857
0.467065868
3
0
1.745762712
0.514285714
0.254901961
0.611111111
0.586206897
0.99086758
0.693251534
0.514925373
0
0
0.533333333
0.036144578
0.34375
0.867768595
1
0.425531915
0.687203791
0.409090909
0
1
0
0.666666667
0.833333333
0.607843137
0.755102041
0.42364532
1.207729469
0.313253012
0
0
0.157894737
1.34939759
0.210526316
0.293103448
0.287234043
1.028985507
0.339506173
0.356643357
0
0
0.5
0.382978723
1.243243243
0.285714286
0.463636364
0.112903226
0.427745665
0.763052209
0
0
0
1.111111111
0.823529412
0.909090909
0.222222222
0.392857143
0.63190184
0.455696203
0
0
0
0.377358491
0
0
0.1
0.645390071
0.587443946
0.832713755
0
0
0
0.925373134
0.875
0.656716418
0.782608696
0.058394161
0.882352941
0.844
1
0
1.730337079
0.709090909
0
0.963302752
0.689189189
0.4
0.224
0.411575563
0
1
0
0
0.333333333
0.171428571
0.404958678
0.344262295
0.361867704
0.757575758
1
0
0
0.587719298
0.615384615
0.725490196
0.745762712
0.905797101
1.075268817
1.047468354
1
0
0
1
0.530973451
0.574074074
0.068027211
0.841121495
0.872641509
0.678321678
0
0
0
0.892473118
0.625
1.120689655
2.776978417
0.6
0.701530612
0.962328767
0
0
0.95890411
0
0
0.557377049
0.322033898
0.282608696
0.995073892
0.336683417
0
0
0
0
0
0.215384615
0.030534351
0.409448819
0.932142857
0.821138211
0
0
0
0
1.585365854
2.370860927
0.379310345
1.882758621
0.436567164
0.652830189
1
0
0
0
0.662921348
0.608108108
0.553571429
0.614942529
0.232876712
0.542424242
0
0
0.625
0
0.015384615
0.454545455
0.435897436
0.579365079
0.107142857
0.392857143
3
0
1
0
0.222222222
0.231481481
0.330827068
0.478494624
0.256038647
0.276978417
0
1
0.830769231
0
1.547169811
0
0.165354331
0.217741935
1.915789474
0.463190184
0
1
0
0.470588235
0.615384615
0.52173913
1.487179487
0.326732673
0.288808664
0.574829932
2
0
0
0
1.4125
0.586206897
0.688888889
0.57918552
0.78313253
0.857615894
0
0
0
0
0
0
0.490566038
0.445544554
0.746781116
0.663194444
0
0
0
0.5
0
0.244186047
0.989247312
0.688741722
0.609929078
0.680232558
0
1
0
0
0.301886792
0.85483871
0.362068966
0.910958904
0.670103093
0.523809524
0
0
0.447368421
2.156716418
0.028571429
0.384615385
0.627118644
1.729257642
0.576388889
1.296482412
0
1
0.846153846
1
1
1
1.135135135
0.8125
0.480769231
0.6545961
0
0
0.695652174
0
0.896551724
0
0
0.25974026
0.687338501
0.570422535
0
1
0.533333333
0.93877551
0
1
0.084210526
0.740740741
0.036649215
0.268436578
1
0
0
0.712121212
0
1.571428571
0.246376812
0
0.534883721
0.325991189
1
0
0
0.863636364
0.076923077
0.121212121
0.159574468
0.754901961
0.238297872
0.521276596
0
0
0.518518519
0.606060606
1.180327869
0
0.598360656
0.236111111
0.322429907
1.341085271
0
0
0.384615385
0.96
0
0.065217391
0.88700565
0.626086957
0.313531353
0.796875
0
1
0
0.428571429
0
0.263157895
0.282352941
0.785046729
0.773109244
0.578431373
0
0
0.642857143
0.916666667
0
0.683544304
1.623853211
0.396039604
0.364640884
0.503448276
1
0
0.866666667
2.333333333
0.597938144
0.09375
0.234693878
0.875
0.427586207
0.573529412
0
0
0
1.341040462
0
0
0.536231884
0.506849315
0.718562874
0.778181818
0
0
0
0
0
1.30952381
0.04
0.686746988
0.638095238
0.756345178
1
3
0.1875
0.106060606
0.264150943
3.697916667
0.325
0.702702703
0.451219512
1.387387387
1
0
1
0
0.471698113
0.699029126
1.108695652
1.385542169
0.948979592
0.57337884
1
0
0.75
0.735849057
0
0.188888889
0.515151515
1.30651341
0.708994709
0.562770563
1
0
0
2.64
0.25
0.414893617
0.87826087
1.098265896
0.351485149
0.65248227
1
1
1
1.483870968
0
0
1
0.466257669
0.372
1.221212121
2
0
1.976744186
0.848484848
0.382978723
0.422535211
0.328947368
1.644144144
0.562937063
0.141230068
0
0
1
0.506849315
0.442477876
0.505263158
0.3375
0.822834646
0.102857143
0.142857143
0
0
0
0
2.935064935
0.185714286
0.695035461
2.538983051
0.248322148
0.37755102
0
0
0
1.493975904
0
0.157894737
0
0.098039216
0.25
0.073770492
0
0
0
2.178571429
0
0.631578947
0.152671756
0.302857143
0.398104265
0.051948052
0
2
0
0.696969697
0.413461538
0.41025641
1.053658537
0.342857143
1.78778135
0.304526749
0
0
0
0
0.86
1.618320611
0.686956522
0.7
0.507936508
0.291262136
0
1
0
0
0.304347826
0.972972973
1.0390625
0.448275862
0.236842105
0.478827362
0
1
1
0.818181818
1.030769231
0
1.842105263
0.402985075
0.554973822
0.64556962
1
1
0.483870968
2.090909091
3.353535354
0.479166667
0.245283019
0.516853933
0.753676471
1.232692308
1
0
0.285714286
1.5
1.582417582
0.397058824
0.358974359
1.253061224
0.914660832
0.678988327
0
0
1.458333333
0.602409639
2.170731707
1.255102041
1.331428571
0.163366337
0.265372168
0.72
1
0
1.525423729
1
0.985074627
1.065217391
0.72815534
0.353658537
0.684659091
0
0
0
0
0.531914894
0
0.28125
0.325
0.078341014
0.808219178
0.044917258
0
0
0.566666667
0
0.688172043
1.213740458
0.412280702
0.746753247
1.782918149
0.796033994
3
0
0.611111111
0.37037037
0
1.260273973
0.446601942
1.585858586
0.386363636
0.67755102
0
1
0
0
1.447368421
0.823529412
0.243902439
0
0.835294118
0.415770609
0
0
0.230769231
0.695652174
0
2.182926829
0.456140351
0.779661017
1.526923077
0.401515152
0
0
0
0
0.192307692
0.683544304
0.942857143
1.657587549
0.065868263
0.164948454
0
0
0
0.586206897
0
1.27826087
0.48
0
0.161676647
0.574712644
0
0
0
0.65
0.717391304
0.227272727
0.210526316
0
0.110552764
0.322097378
0
0
0
0
0.196428571
0
0.252525253
0.068181818
0.419354839
0.223021583
0
0
0
0.739726027
0.333333333
0
0.368794326
0.37962963
0.3125
0.575342466
0
1
0
0
0.333333333
0
0.505617978
0.173913043
0.632478632
1.116389549
1
0
0
1.745098039
0
0.149253731
0.363636364
0.635
0.769230769
0.814492754
0
0
0
0
0
0.425925926
0.525
0.096153846
0.610576923
0.559027778
0
1
0
0.259259259
2.276264591
0.516129032
0.768595041
1.777173913
0.298429319
1.604584527
1
1
0.933333333
0
1.947368421
0
1.652173913
0.371257485
0.25462963
1.490322581
0
1
0
0.707070707
2.243589744
1.081967213
1.273584906
0.262295082
0.921348315
0.735074627
0
0
0.519230769
0
0.857142857
0.142857143
1.267241379
0.831632653
0.744680851
0.564814815
1
0
1.804878049
0.166666667
0
0.06779661
1.509803922
0.47639485
0.374233129
0.886206897
0
0
0.290322581
0.03125
0.853658537
0.26744186
1.266272189
0.076923077
0.263157895
0.356725146
0
0
0
1.288888889
2.422619048
0.324324324
0.192307692
0.204819277
0.701754386
0.287313433
0
0
0.470588235
0
0
0
0.541666667
0.627586207
0.988439306
1.361111111
0
0
1
0
1.495145631
0
0.086419753
0.33
0.594488189
0.515822785
0
1
0.972972973
0.828571429
0
1.12745098
1.435344828
0.330357143
0.652173913
0.41322314
0
0
0
0.696969697
0.112149533
0.43
0
0.115044248
0.704225352
0.316872428
0
1
0
0.31147541
0
0.460526316
0.193548387
0.342857143
0.619377163
0.421875
0
1
0.71875
0.744680851
0.561643836
0.4875
1.051136364
0.526315789
0.244274809
0.431734317
0
0
0
0.446153846
0
0
0.153846154
0.142857143
0.689814815
0.326633166
1
0
0.78125
1
0.395061728
0.186046512
0
0.46875
0.034653465
0.5
0
0
0.722222222
0
0.111111111
0.480769231
0.058823529
0.282442748
0.181818182
0.171428571
0
0
0
0
0
0.258064516
0.469879518
0.063829787
0.224489796
0.042424242
0
0
1
0.105263158
0
0.466666667
0.912162162
0.402298851
0.107758621
1.093457944
0
1
3.85
0
0.568965517
0
0.195876289
0.47826087
1.352112676
0.649193548
1
0
0
0.106666667
0.517241379
0.623529412
0.6015625
0.853658537
0.652719665
0.773381295
2
0
0.64516129
0.5
0.706896552
0.56
0.111111111
0.385826772
0.307420495
0.864197531
0
0
1.84375
0
1.788732394
0
0.360655738
0.726315789
0.857142857
1.12470024
0
1
0.788461538
0
0.472727273
0.566037736
0
1.097560976
0.494252874
0.483240223
1
2
1.515151515
0.661538462
1.078651685
0
1.985074627
0.593457944
0.295950156
0.097264438
0
0
0
1.540540541
0.597014925
2.032258065
0.568493151
0.742857143
0.200980392
0.678947368
0
0
0.623376623
0.833333333
0
0.294117647
0.914634146
0.648351648
0.467592593
0.957142857
1
0
0
0
0
0.412844037
0.966101695
0.648648649
0.579470199
0.557377049
0
0
0.821428571
0.50877193
0.265306122
0.107692308
0.663461538
0.120253165
0.377697842
0.617647059
0
0
0
0.243243243
0.444444444
0
0.529411765
0.932926829
0.379844961
0.61852861
1
1
0
0
0.470588235
0.631578947
0.614754098
0.308411215
1.052795031
0.423566879
0
0
0.407407407
0.375
0.58778626
0.322033898
0
0.863095238
0.414634146
0.848396501
0
0
0
0.527777778
0.260869565
0.625
0.52173913
0.08
0.179824561
0.327044025
1
0
0
0.394736842
0.567567568
2.522727273
0.729166667
1.7
1.037267081
0.353293413
0
0
0
1.090909091
0
0.75
1.014285714
0.576923077
0.347222222
0.316666667
0
1
0.7
0.615384615
0.181818182
0
0.009009009
0.487179487
0
0.237735849
0
0
0.903225806
0
0
0
0.47311828
0.031914894
0.135483871
0.142156863
0
1
0.333333333
0.071428571
0.181818182
0
0.4
0
0.825242718
0.256684492
0
0
0
0.64516129
2.441558442
0
0
0.405286344
0.17679558
0.241935484
0
0
0
0
0
0
0
0.379562044
0.567839196
0.319354839
1
0
0
0
0.396825397
0.48
1.260663507
1.052380952
1.325925926
0.259259259
0
1
0.692307692
0
0.558139535
0.417721519
0.877862595
0.892857143
0.325174825
0.332278481
1
1
0
0
0.857142857
0.611111111
0.786585366
0.408866995
0.330275229
0.724137931
0
0
0
0.581395349
0.275862069
0.6875
0.066037736
0.407692308
0.43438914
0.234693878
0
1
0
0
1.855263158
1.423076923
0
0.65625
0.210084034
0.320158103
0
0
0
1.666666667
0.411764706
1.129032258
0.260869565
1.241666667
0.287272727
0.438162544
0
0
0
1.212765957
0.798319328
1.208333333
0.675
0
0.483660131
0.354166667
2
0
0
0
0.052631579
0.275
0.027027027
0.507462687
0.339366516
0.167247387
1
0
0
0.955555556
0.210526316
0.322033898
0.23655914
0.307189542
0.434343434
0.210727969
0
0
1
0
0.418181818
0.602409639
0.395604396
1.808917197
0.302325581
0.516853933
2
0
0
0
0.84057971
0.472972973
0.657142857
0.011494253
0.360465116
0.465
2
1
0
0
0.546511628
0.646464646
0.238095238
0.117647059
0.463054187
0.285714286
1
0
0
0
0
2.103896104
0.644927536
1.268571429
0.661764706
1.130434783
0
0
3.2
0.166666667
0
0.588785047
0.357142857
0.714285714
1.374558304
0.539033457
0
0
0
1.045454545
0
0.618181818
0.184615385
0.288135593
1.388714734
0.854077253
0
0
0
0.757575758
0.182926829
0.105263158
1.427480916
0.47107438
0.744186047
0.53358209
1
0
1
0
0.833333333
0
0
0.629032258
1.125
0.513043478
0
0
0.583333333
1.0625
1.095588235
2.188235294
0.243589744
0.531914894
0.5
0.363636364
0
3
0.777777778
0.333333333
1.702702703
1.3125
0.13125
0.411428571
1.025495751
0.99197861
1
0
0
0.396551724
1.894736842
0.8
1.026315789
0.708
0.530612245
1.509719222
0
0
0
1.976190476
0
0.38028169
0.454545455
0.61023622
2.043478261
0.476076555
2
0
0
0.488372093
0.327586207
0
0.360655738
0.893048128
0.317647059
0.212962963
0
1
1.925925926
0
0.676470588
1.294117647
0.247524752
3.903930131
0.593639576
1.398601399
0
0
0
0
0.75
0.235294118
0.616883117
0.036697248
0.397333333
0.373801917
0
1
0.825396825
0
1.190909091
0.279069767
1.136363636
0.442307692
1.24120603
1.194767442
0
1
0
0.8125
1.043478261
0
0.596774194
0.182291667
0.118644068
0.428571429
1
0
0
0.266666667
0
0.885245902
0.571428571
0.837209302
0.129032258
1.158490566
0
1
0.875
0
0.347222222
1.204545455
0.216666667
2.25106383
0.894736842
1.697247706
0
2
1
0.25
0.418181818
0
1.96875
0.491803279
0.980694981
1.066666667
1
0
0
0.333333333
1.222222222
0
0.779527559
1.3125
0.627192982
0.796954315
2
1
0.393939394
0.5
0.225806452
0.434782609
0.495652174
0.196202532
0.269461078
0.323943662
1
1
0
0.53125
0
0
0.049382716
0.780141844
0.172972973
0.286245353
0
1
0
0
0.378378378
0.166666667
0
0.202531646
0.105263158
0.161290323
1
3
0.787878788
0.133333333
1.032258065
0.12195122
1.230769231
0
0.068181818
0.464052288
0
0
0
1.375
0.652173913
0.33
1.393442623
0.090909091
0.298578199
0.734285714
0
0
0.76
0
0
0.559322034
0.236111111
0.43
0.240740741
0.443137255
0
0
0.385714286
0
0
0
0.2
0.34939759
0.072727273
0.655319149
1
1
1
0
0.716981132
0.383333333
0.215189873
0.38961039
0.358024691
0.377926421
0
1
0
0.129032258
0.880952381
1.049180328
0.414473684
0.465346535
0.765873016
0.183098592
0
0
0.975609756
0
0.964705882
0
0.712871287
1.032467532
0.521276596
0.632286996
1
0
0
0.545454545
1.65
0.75
0.37007874
0.04040404
0.234146341
0.491103203
0
1
0.666666667
0
0.107142857
0.296296296
0
0.735294118
0.974683544
0.392857143
1
0
0
0.351648352
0.229166667
0.425
0.666666667
0.173184358
0.403726708
0.711340206
0
0
0.848484848
0
0.233333333
0.698113208
0.632183908
1.009259259
0
0.505703422
0
0
0
0
0.234042553
0.085714286
0
0.25
1.071005917
0
2
0
0
0
0
0
0.661764706
0.571428571
0.11965812
0.731343284
1
2
0.476190476
0.555555556
0
0
1.118644068
0.788235294
0.682539683
1.679069767
2
0
0.733333333
0
0
0.217391304
0.090909091
0.928571429
0.293706294
0.614634146
0
0
0
2.113636364
0
0.333333333
0.28358209
0.161290323
0.355263158
0.751677852
0
0
0
0.65
0
0.52173913
0.986486486
0.957317073
0.237837838
0.333333333
0
0
0.5
0
0.304347826
0.1
0.25
0.172413793
0.492753623
0.333333333
0
0
0
0
0.2
0.583333333
0
0.397727273
0.349056604
0.967592593
0
0
2
0.725490196
1.576923077
0.858333333
0
1
0.8125
1.102473498
0
0
0
0
0.588235294
0.75
0.787878788
0.256944444
0.405940594
0.701298701
0
0
0.666666667
0.730769231
0.06
0.209677419
0.651315789
0.333333333
1.563909774
1.262589928
0
0
0
0
0.194444444
0.064516129
0.27826087
0.523809524
0.640776699
0.204081633
0
0
0
0
0.086956522
0
0.206349206
0.577319588
0.308943089
0.693641618
0
1
0.484848485
0.736842105
0.0125
0.542372881
0.470588235
0.496598639
0.336283186
1.077809798
0
0
0.529411765
0
0.281553398
0.044776119
0.691780822
0.269430052
0.666666667
0.185344828
0
0
0.885714286
0.875
0
0.296296296
0.173913043
1.24516129
0.666666667
0.579861111
0
0
0
0.37037037
0
0.164179104
0.553956835
0.371428571
0.86746988
0.547794118
0
0
0
0.242424242
1
1.06122449
1.725806452
0.176100629
0.078014184
1.767741935
0
0
0
0.363636364
0.28125
1.041666667
0.831775701
0.793103448
0.980295567
0.780821918
0
1
0.866666667
0
0
0.461538462
0
1.51875
0.681415929
0.569343066
0
1
0.527777778
1.368421053
0
1.650793651
0.293333333
0.23
0.790076336
0.411458333
0
0
1
1
0.592592593
0.214285714
0.786407767
0.725490196
0.15942029
0.701438849
0
0
0
0
0
0.222222222
1.195876289
0.079207921
0.465517241
0.071729958
0
0
0
0
1.076086957
0.328571429
0.276595745
0
0.80625
0.210280374
0
1
0
0.50877193
0.928571429
1.081632653
0.218390805
0.80952381
0.333333333
0.469026549
0
0
0
1.041666667
0.914893617
0.666666667
1.453125
0.307086614
0.427350427
1.013422819
0
0
0
0.625
0
0.690140845
0.244186047
1.497835498
0.640718563
0.371165644
2
0
0
2.23880597
0
1.478723404
0.526785714
1.302083333
1.547445255
0.220472441
1
0
0
0.571428571
1.59223301
0.212765957
0.885542169
0.169398907
0.506550218
0.034042553
0
1
0
0.5625
0.805970149
0
0.51
0.52284264
0.497737557
0.322580645
0
1
0
1.5
1.169811321
0.222222222
0.913043478
0.052631579
0.866359447
0.863157895
0
1
0
0.123287671
0.568965517
0.3
1.082278481
0.517857143
0.637305699
0.38658147
0
0
0
0
0.53125
0.056818182
0
0.07751938
0.475
0.963210702
0
1
2.605263158
0.03125
0.835443038
1.084337349
0.14893617
0.342105263
0.422764228
0.182572614
1
1
0
0.636363636
0.208333333
0.648648649
0.9
0.628205128
1.34057971
0.802985075
2
0
1.533333333
3.666666667
0
0
0
0.155172414
0.342857143
0.538834951
1
0
0.740740741
2.070175439
0
0
0.637681159
0.065693431
0.161290323
0.875
0
0
0.545454545
0.666666667
0.823529412
0.333333333
0.407407407
0.559701493
0.357723577
0.965
0
0
0.96875
0.112359551
0
0.673913043
0.135714286
0.263565891
0.207692308
0.494296578
0
0
1
0.214285714
0
0.333333333
0
0
0.550387597
0.461805556
0
2
0.578947368
0.764705882
0.1
1.372093023
0.868421053
0.604166667
0.295138889
0.203125
0
0
0
0.692307692
0.842105263
0.695876289
0.11299435
0.698224852
0.259090909
0.03785489
1
0
0
0
0
0
0
0.039735099
0.757575758
0.18974359
2
0
0
0.214285714
0.510638298
0.214285714
0.138211382
0.305785124
0.449579832
0.12195122
1
0
0
0
0
0.357142857
1.429906542
0
0.264044944
0.092936803
1
0
0
0.733333333
0.790123457
0.438202247
1.68452381
1.18627451
0.289772727
0.640949555
0
0
0
0
0.205882353
0.551282051
0.928571429
1.435344828
0.811715481
0.695652174
0
0
0
0.955882353
0.8
1.709677419
0.104477612
0.46875
0.75088968
0.286153846
0
0
1.47826087
0.784313725
0
0.890625
0.304
0
0.197860963
0.796153846
4
0
0
0.636363636
0.259259259
0.090909091
0.6015625
0.664383562
0.155963303
0.425287356
0
0
0
0.15
0.814814815
0
0
0.054878049
0.643312102
0.991596639
0
0
0
0
0.455445545
0
1.024096386
0.537572254
1.360169492
0.708108108
1
1
0
0
0.547945205
0.057142857
0.320512821
1.575268817
0.465811966
2.314168378
1
0
0.47826087
0
0.58
0.454545455
0.689189189
0.1875
0.629508197
1.367088608
0
0
0.37254902
0.659340659
0.941605839
0.951219512
0.431034483
0.254385965
0.419087137
0.592286501
0
0
0
0
1.841269841
0
0.305263158
0
0.6
0.20242915
0
0
0
0.1875
0
0.605263158
0
0.619469027
0.161073826
0.520304569
0
0
0
0
0
1.101449275
0.166666667
0
0.207920792
0.710526316
0
0
0
0
0.173469388
0.262626263
0.23255814
0.826923077
0.138461538
0.503597122
0
0
0
0
0
0.303797468
0.012345679
0.2
0.315315315
0
0
0
0.52173913
0.672413793
0.857142857
0.4
1.654320988
0.525
0.146067416
0.379310345
1
0
0
0.666666667
0.444444444
0
0.703703704
0.593495935
0.807407407
0.217105263
0
0
0
0
0
0
0.565789474
0.392156863
0.620915033
0.821428571
0
0
1
0.724137931
0.150537634
0
0.47826087
1.167664671
0.794326241
0.618811881
1
0
0.9375
0.615384615
1.448275862
0
0.680327869
0.305194805
0.414012739
0.181034483
0
0
0
0.058823529
0.828571429
0
0.254545455
0
1.020833333
1.535315985
0
0
0
0
0
0
0
0
0.652173913
0
0
0
0.964285714
0
0.744186047
0
0
0.255681818
0.406976744
0.622710623
0
0
0
0.444444444
0
1.548387097
0.663461538
1.535
1.313207547
0.638190955
0
0
0.45
0
0.628571429
0.586666667
0.478632479
0.32173913
1.032154341
0.279329609
0
0
1.25
0
1.45
1.0375
0.178082192
0.551401869
0.716012085
0.750778816
0
0
1
1.486486486
0
0.368421053
0.326530612
0.730434783
0.884615385
0.9
0
0
0
1
0
0.945454545
1.125
0.902654867
0.556034483
0.733944954
0
0
0.6
0
0.594202899
0.761904762
0.844036697
0.545454545
0.71484375
0.958333333
0
0
0.555555556
1.517857143
0.607594937
0.450704225
0.592105263
0.238938053
0.495283019
0.679166667
0
0
0
0
0.830985915
0.342857143
0.786206897
1.166666667
1.898089172
0.676375405
0
1
0
0.232142857
0.517857143
0
0
0.215568862
0.513513514
0.662995595
0
1
0
1.333333333
0
0.222222222
1.436
0.736434109
0.874551971
0.519148936
1
0
0
0.666666667
0
0.155172414
0.168831169
0.124183007
0.747368421
0.634551495
0
0
1.128205128
1.866666667
0.297297297
0.660714286
0.765217391
0.363636364
0.563981043
0.915451895
0
0
0.76744186
0.35
0.102564103
0.107142857
0.322580645
0.125
0.97972973
0.367567568
0
0
0
0
0.130434783
0
0.46969697
0.469298246
0.523809524
