9.910723505,45.19337406,3.118465095,11.8688385,0.927857081
13.04255605,55.31397461,6.420858336,16.3939836,0.806650423
8.703478452,32.85996559,4.613342677,10.85178635,0.900741159
10.42891391,43.93748077,6.150111034,14.1490005,0.88683194
6.727244232,39.09037982,2,10.95377875,0.976079295
8.524628439,44.64529511,2.179530955,12.10226569,0.987940056
8.800832689,47.74508321,5,14.52559333,0.889322041
11.09424249,31.05789375,6.367370985,12.52447024,0.853059893
13.23199063,75.72251311,3.782146956,18.21052632,1
9.379447476,23.97540405,2.4123931,10.28571429,0.935064935
6.458638222,34.08583285,2.560274026,10.58403417,0.981301181
10.37549756,31.74189455,4.933187426,12.13777017,0.956309165
9.950655742,19.97087817,2.92882633,10.28422919,0.934929926
11.2704747,72.38012422,1.89E-13,15.10526316,1
10.97107475,48.81243394,5.557797151,13.46549643,0.86255849
5.703926489,44.95702355,2.918528346,11.24398798,0.929255205
5,32.66900431,3,9.666484128,0.928419379
7.793127186,53.18660828,7.18E-14,12,1
6.876678292,66.90422312,0.846493842,12.22222222,1
12.66945568,41.28662424,5.84958027,14.90209555,0.952210579
7.788046057,55.95285107,2,12.13197734,0.990365497
12.61886144,44.35514646,5,14.80302459,0.908488874
13.04418196,32.78425114,3.911453909,13.37086009,0.973606317
11.00248591,52.82469889,6.446171501,14.43251242,0.953090443
5.892778955,50.4977807,1.06E-13,11.76,1
9.989799842,35.5238055,6.006107043,13.10172036,0.897378107
11.62463229,59.46042111,6.270355009,15.60608563,0.839228861
11.00345234,47.54352039,5,15.16670331,0.962965289
8.447174284,75.64967068,3.266182637,12.99402343,0.930653029
6.994454614,27.25175198,3,10.26988938,0.968857489
10.04870564,22.67957874,3.931037527,11.05550793,0.917469538
9.485793807,29.3273477,2.934743996,10.85716236,0.973736535
12.3334889,33.36085731,6.245056098,13.37348518,0.856664531
10.68634518,27.6277472,5,12.42562287,0.92805482
6.978591388,30.73641204,0.937742252,10.35714286,1
12.98562429,59.20836228,4,15.85714286,1
11.95275568,54.61274212,7.156641498,14.90933496,0.786234461
12.53020975,95.75040479,5.496282127,18.51762704,0.956983309
11.43934415,35.83395498,5.715322556,14.55402212,0.891062578
12.24459464,166.6744151,7.00652917,18.48287317,0.804158156
10.4988372,38.31427168,5.385470072,13.56672166,0.875272365
10.47520844,35.18586059,4.232842506,12.23180858,0.902346535
9.534278265,36.64405114,2,12.05205376,0.985669825
9.962905166,31.8906164,6,11.40479253,0.814628038
11.75713793,32.52607331,5.620002777,13.34051423,0.843668884
8.631649282,39.32307325,2,10.92293316,0.984048033
11.3266089,54.02217837,5.97649652,16.73421944,0.949459259
10.48262527,67.33966106,4,13.38786788,0.909364611
10.96009122,65.68012026,9.79E-14,14.9375,1
9.282313888,23.58127356,2.878338644,10.95608923,0.942459289
11.94752913,32.55716106,5.71652853,13.14885312,0.88906836
12.84290918,133.7088629,4.787155351,19.84095499,0.94208851
8.618033989,30.15415281,4,10.45322546,0.880271618
11.6216383,41.85620378,5.302839528,13.70827029,0.903841997
9.718056194,96.37856943,5.91133555,15.19286206,0.793298177
8.265200792,29.54650389,3.618033989,9.868891194,0.874458713
11.54149081,43.81980012,5.692469323,14.05457321,0.826739601
12.2705711,62.24583437,5.795572547,16.73622417,0.852403964
8.119321145,35.91226679,2,11.625,0.978947368
7.594302153,15.57864866,4,8.350936847,0.843528974
11.90253297,78.82420056,4.673633316,17.34498425,0.959169636
7.680435285,33.51398496,4,9.85460368,0.918649496
13.3893304,86.46056474,7.529984669,18.53601403,0.837402343
9.718486783,100.4513655,5.864757021,14.4138329,0.849386581
13.12481494,241.8905371,7.025716372,19.02015708,0.807011656
9.08420702,31.7929837,4,11.06845886,0.878449116
10.20872292,34.25257549,5.618821769,12.45854122,0.889895802
10.91913446,37.38076713,5.957002616,14.38471181,0.914928666
11.87083276,72.15947656,6.445495781,17.58755637,0.833397279
11.57666614,46.75198957,5,14.70674537,0.952663668
11.56555796,46.12488901,5.751285965,15.03880167,0.806679017
9.187129223,32.69257517,3.582333649,11.40277847,0.942749401
9.738189452,38.56932119,2,12.3771665,0.95208973
11.47902456,25.96540588,6.019605073,12.88979576,0.755445906
8.327400247,45.70263448,3.364911569,11.58382566,0.922365509
11.4304668,40.97426903,6.495482207,13.87193857,0.86699616
8.549701501,68.76967945,4.240193187,12.57534386,0.877766167
8.802029224,24.10589744,5.157412131,11.00282584,0.974933935
9.529745661,41.38628264,4.89830305,11.74297388,0.889948113
9.501227372,37.51184332,3,11.96865576,0.938718099
7.041649667,65.72101373,4.513993052,13.65520093,0.799628883
10.1898707,132.3508869,4.561161637,14.82556068,0.881519824
11.16537621,51.91214076,6.991431346,14.92489509,0.936056138
8.951977364,35.8565737,3.527194823,10.8638681,0.942527369
10.75799027,24.26444797,3,10.62416764,0.94068151
7.917961732,52.03897369,3.68697441,12.38160227,0.940121658
9.47223334,19.79557964,5.836232677,10.77995508,0.810522938
11.9934939,93.74325557,4.239976243,18.14826218,0.974403338
19.54876203,135.6160725,6.414628876,37.65668002,0.975998676
10.12352563,38.75292756,5.02519495,13.70925485,0.957851867
9.411336791,68.81294721,5.958042338,13.55503797,0.855633626
8.018635808,31.41746311,1.855848034,10.86666667,0.970238095
9.427708503,44.91148823,4.770903411,11.55975255,0.871568645
8.411864656,43.6621738,3.789861267,11.59320999,0.946384489
10.69137825,49.33742664,3.737171366,13.06894484,0.94227502
8.655878955,23.16554809,2.536726471,9.665560836,0.916561803
8.125946985,29.25683186,4.271494363,10.6206476,0.911873784
10.26460257,55.14373709,6.988817099,13.83686913,0.824714054
6,46.52842318,1.913343662,11.20083609,0.996933055
9.619053846,158.998883,5.411291162,20.21359288,0.918799676
7.584401175,33.77684322,2.642256895,10.45,0.945701357
10.33025806,105.7540387,5.386264657,16.91272228,0.866012888
11,34.74260671,5.439827305,13.39438762,0.889008028
9.739669249,131.3675997,6.10285281,16.60939442,0.874178653
17.3690361,170.2508377,9.540556389,25.4303995,0.721662417
10.56924895,32.68382305,5.924837095,12.36952476,0.887499534
11.16510943,49.50533802,5.194223708,13.34248672,0.874454732
12.2813064,60.19404646,7.206824709,16.64900818,0.876263588
11.83535339,49.39139744,6.351073237,14.93725956,0.898481778
9.327890378,58.19423171,3.283912166,12.76181165,0.949408133
13.48534805,100.9015994,8.273692313,20.36654963,0.80011445
11.81567789,70.00840274,6.593862887,17.49660628,0.795300286
7.846927201,23.36933125,4.050746771,10.07716953,0.928160351
22.6784417,128.3837646,10.72855427,29.26503535,0.748536846
7.89034707,32.67237529,4,10.97085017,0.928302706
8.571173072,46.76602394,3.611899144,11.41294047,0.957214362
15.48051864,103.7380769,7.675028348,21.27176038,0.868235117
8.444002029,42.27719192,1.889729699,11.40909091,0.984313725
10.7626513,29.83192726,3.490131121,11.91147683,0.942363674
7,24.30190424,2,10.41176471,0.951612903
7,31.19019681,2,11,0.964912281
11.48530227,152.3997354,5.17373465,16.13101468,0.853565293
6.223373226,17.839968,4.175860382,8.843735324,0.797931007
14.17595974,72.42915479,6.43E-14,17.75,1
8.618033989,28.46631836,3.513030145,10.85020484,0.896950267
9.122519958,28.50024673,3.202426155,11.20782903,0.964608236
7.347641446,43.00687919,3,11.59201256,0.951583121
8,45.07608183,2.704006745,11.63821854,0.927876193
12.73289496,51.77702896,6.527738599,16.79610596,0.922862965
10.3396125,26.26682427,5.125246392,12.29925055,0.823610528
8.603951286,57.9732217,3.718412206,12.31074628,0.926100239
11.29172559,136.3990874,5.64312106,15.53487105,0.843480469
7.694759582,67.14332498,3.806963041,11.77635968,0.91087865
9.618033989,20,3,9.090909091,0.943396226
8.072780766,55.07684271,0.654047008,11.72727273,1
10.63356009,71.08581092,6.476379331,17.35695688,0.939707856
8.413946076,36.64133114,3.915530672,10.75331169,0.93915386
6,37.31886951,4,10.98895739,0.881829914
7.866446916,20.11727493,4,9.235954944,0.882848634
8,36.26786872,5.515420009,10.4723967,0.901597067
11.45104741,32.45212827,5.921089747,12.56625612,0.905676117
8.385930569,31.6675372,2.818329301,10.92085479,0.969608602
9.493220451,63.56819241,2.575825869,12.60576247,0.972252957
13.75819152,43.53287639,5.118092387,15.20538999,0.950336874
12.06125134,75.69986792,4.753846711,16.54498576,0.98705881
8.870554972,55.10502721,4,12.68480544,0.909937864
8.944281038,27.04751155,4,9.974165739,0.949920547
6.88998333,61.94247034,2.791416233,11.6971911,0.986100413
9.8190425,58.8493386,4.136196688,12.98737873,0.937819471
10.39216385,32.05932773,5.656930121,12.44217157,0.897468113
7.955236047,60.5784047,2,12.36058538,0.975835688
8,18.15991764,3,9.761807358,0.92341421
9.544178758,58.50327006,4,12.75100212,0.906673966
10.83034117,31.22599791,2,11.79433132,0.986285546
9.081676688,41.97693186,3.905190073,11.70055914,0.91029018
9.108789347,35.02874194,2,11.86955166,0.977492489
13.83103214,65.30385967,7.282422738,17.04024018,0.743033729
9.995160127,49.08003612,3.663695788,15.13333333,1
11.07524612,26.80956161,5.737091036,12.44994006,0.883544133
12.22912224,63.13227682,7.177147803,16.7042016,0.756733965
10.9534521,35.54063948,4.203495008,13.05957515,0.903776827
10.54827817,69.73329723,1.91E-14,15.8,1
10.0030831,49.18915692,2.426250918,12.58804503,0.968311156
6.887069891,45.35602747,8.49E-14,12.79310345,1
22.74410086,87.25446646,11.84506703,27.05655359,0.821142697
13.49543584,69.83722569,6.10526117,17.16286673,0.925221926
7.971062446,32.89991014,2,10.56206318,0.964171742
9.525408587,40.73120928,4,11.72309155,0.913211842
8.082106874,38.65741497,1.485292205,11.22925732,0.980331988
10.64403804,32.18528607,1.922556028,12.28807682,0.970111328
20.62696162,117.6968321,8.517333944,29.18983444,0.947795276
10.20786797,47.27175402,5.254567098,13.53548254,0.904879056
8.521662937,59.68270712,2.876894374,11.83559534,0.974696087
11.16799055,70.13493342,6.547455406,15.83811464,0.833584981
8,23.93377378,4,9.886310473,0.869629162
8,40.54241069,1,11.45,1
8.667973921,45.27579704,1.36306613,12.51827868,0.987446919
10.7354265,41.94709459,5.203062417,12.76470556,0.908519969
11.11463312,22.63870064,1,10.66666667,1
10.23618707,34.58362817,5.445854139,12.99706024,0.862875369
7.644972541,22.66632158,4,9.703698401,0.860426459
11.86443462,84.58592342,5.527200146,16.65172931,0.827415121
10.10546451,27.35087927,6.019865595,11.23227278,0.797921017
6.750513966,34.19682359,3.605233184,9.988892147,0.866616214
11.78178361,149.6674818,5.229424202,16.08570186,0.876482532
8.534134164,52.31031036,4,11.95071411,0.896909578
12.09622266,46.74861444,2.808575605,14.0767757,0.95520978
11.08558894,158.2874068,4.665300829,16.09263853,0.894035474
12.49022419,54.0872994,5.298566851,16.21108229,0.958290579
11.77241157,98.15400509,5.378435571,16.63047918,0.913762592
10.83317972,45.7014902,4.497003131,13.5851996,0.974465794
11.26598374,126.7168562,5.513400454,15.55696435,0.861107631
14.52558405,70.21288168,6.49105223,19.63089129,0.906041136
12.46243246,38.71309939,4.888724581,15.71972265,0.962431999
8.244137699,32.12503128,3,10.38215343,0.917151363
8.722108835,31.43041639,3.037893605,11.00059645,0.911814144
12.98983396,49.31171972,5.490728437,16.97707515,0.901907118
10.54948257,24.19304313,3,11.51391018,0.9757551
11.30973004,60.6091956,5.783636226,14.80763254,0.914051391
14.61670272,156.1476708,7.688542012,21.48803947,0.77185419
9.123788243,36.89174782,4.768037145,11.12505042,0.895514895
7.612420516,28.88534906,3,10.97210541,0.964076207
12.32955951,46.36685765,5.530176068,15.56723919,0.889556525
14.38705233,123.8345654,8.15710711,20.49626641,0.738441936
19.4953423,232.3567688,9.402074337,38.96222211,0.849907176
8.590789467,41.6891502,3.827451167,10.58595189,0.916893471
10.19740688,54.46379876,5.599527308,14.77174995,0.846518622
8.258355111,44.94410148,3,11.99836112,0.969226943
12.5234415,60.79999611,6.393571597,14.67221803,0.881592499
10.0825256,31.28593081,0.975333157,12.81818182,1
10.78067216,231.3066935,5.029980013,22.41502753,0.932405471
11.13896938,72.75339656,5.823912574,16.49385539,0.916325299
7.331210324,37.18915183,3,11.29707096,0.963731172
8.971378427,25.3624577,4.42408921,9.565374465,0.824601247
10.18784525,113.3174602,5.163028934,16.30419444,0.881307807
11.15356994,81.72075916,5.798077188,16.07901248,0.915661303
10.71331846,29.00441849,4.724465315,13.34279753,0.967607454
6.907667614,23,4,9.675873599,0.936374864
10.45299153,42.98749963,5.919345518,13.91740859,0.814110252
12.06465969,56.71894192,5.030154222,17.60897072,0.985117243
16.84000128,190.8955784,8.35585349,26.30291364,0.788275949
17.44780082,115.2102793,6.846164406,22.75777984,0.980371001
10.98391762,109.9336676,4.63441132,15.18846152,0.901293321
11.81861972,64.92463228,6.081667496,16.2327235,0.925695026
9.801622714,25.66042717,5.77728502,11.82647302,0.966586737
13.15266688,45.02189288,5.458835367,14.8934342,0.960866723
12.25243995,73.04883763,6.406327252,15.22880749,0.859305752
9.345276294,47.58300209,2,12.01283322,0.974725502
9.149079613,48.61655298,2.9074966,12.04508296,0.962440043
12.17326764,47.35120866,5.725907777,15.76100922,0.942518824
10.79508823,49.71219475,3.601432612,13.15468956,0.896910652
10.88312644,41.43444813,4.540705167,14.4705074,0.955910512
10.52875367,24.87820581,6.192582404,12.05983829,0.932461723
9.514595587,50.47891467,3,12.61560067,0.956284599
7.163080762,48.74440542,3.645812939,11.98127585,0.945411751
7.792707463,29.6480993,3,10.00295402,0.919811864
11.65819413,120.7978273,3.399084976,17.9954896,0.984128338
12.18278938,40.27732272,4.997430627,13.43895742,0.955909105
12.02758849,90.30127706,4.207581191,17.88198278,0.945303054
7.172031109,29.86109676,3.446652591,10.59681961,0.883068301
10.72910569,31.35556851,5.903158837,13.57813937,0.835577807
8.292633413,38.33186064,6,11.60905572,0.802753853
9.621320921,27.10304314,3,9.864614636,0.884413726
8.843243378,57.81421835,2,13.1134688,0.991506178
5.400450101,41.14151408,1,11.53229312,0.998466936
16.36162968,168.4860171,8.217980259,24.67143086,0.798365166
7.044298845,31.27513836,3,10.16907722,0.961939737
6.915082216,44.70541422,2,13.17023981,0.983669363
7.857564133,20.23387882,4,10.00878449,0.904408237
13.06885518,76.81096321,3.71218118,17.27855561,0.967885895
15.50487749,180.0133349,8.630777741,23.43422741,0.765824425
10.97342937,126.5424683,5.205197975,15.41452479,0.864821225
8.049616858,25.55287762,3,10.6964804,0.92141966
10.58373853,91.62042837,5.230042845,14.32752855,0.864088926
12.82550546,54.23044225,4.95215123,16.09428157,0.966323324
12.26853424,48.81043364,4.899455897,14.32235467,0.947802882
9,46.78706337,1,12.36624598,0.992910261
16.89555181,212.2783301,8.870813276,26.27855978,0.73075085
7.00024537,41.71371216,2,11.0577639,0.961544687
9.849757946,98.78472219,5.622994686,16.52214706,0.865940622
11.45528172,165.4450916,5.836082155,15.60299236,0.828436966
6.863036455,85.59781929,3.930306997,11.58264542,0.901643056
9.675695056,31.69648547,4,11.78175398,0.89255712
7.925534838,23.22586214,4,10.53225038,0.897634975
11.03542246,48.59350446,5.329941505,14.8476431,0.915265671
11.98772414,79.08944038,2.726973367,15.95833333,1
8.936474495,29.83313263,2.890227771,10.43293885,0.971695285
20.59375577,183.7917708,8.107916283,42.61673991,0.943141379
31.38051331,146.8841255,12.44851591,38.67878328,0.872841647
7.667485376,37.00119849,3.237622328,11.77703848,0.960359361
8.694901588,26.80712857,4.656423282,10.98759057,0.911166047
18.26968908,293.5669527,9.520831848,28.65331866,0.793406767
21.14722382,262.2656609,10.51869807,34.58657806,0.789580838
7.581089289,54.39148902,1,11.30182158,0.997219552
5.926463226,48.27622146,1.513624332,9.342701974,0.985975899
10.61197544,71.28740327,3.147772447,13.8400566,0.940851138
10.36075537,93.27767024,5.99799222,16.93715251,0.931817452
8.459325562,35.7127498,3.339732452,10.97874863,0.929417873
12.70493049,81.82959588,8.96E-14,18.79310345,1
8.967474597,18.23897882,4.39645879,9.602766985,0.82782474
8.364217555,50.50502763,3.911828554,12.80222761,0.91444483
10.09254325,116.0732219,5.323630802,17.02720222,0.908117452
8.734345449,34.57263953,3.514516725,11.26159185,0.896940944
10.05896045,41.86646921,3,12.91239812,0.951667533
12.06520487,109.4597154,6.205602622,19.14616959,0.82489166
11.86002246,59.95655892,5.116035278,16.06594028,0.925732618
10.46363286,38.9557228,6.040878694,13.62737531,0.841196007
10.97392624,75.23285212,5.725107708,14.80030932,0.84072763
8.47891282,27.31087392,3,11.37223219,0.94115025
10.98054213,39.03088142,6.76643173,13.03162116,0.764068993
13.30720416,75.31171764,7.000770205,17.91148647,0.869986486
9.419613169,63.31927282,5.279497753,13.34772683,0.892682367
10.21027082,72.51209133,5.623507611,16.51582185,0.869253782
9.326203994,34.72931798,1.942139375,11.92747909,0.987101717
11.98827523,97.25737746,5.584260014,17.12729945,0.917533899
10.17307826,54.07270296,6.387026795,13.03083621,0.888466105
10.13565803,44.76542466,4.676549877,12.608551,0.881600531
7.851846934,25.44342008,3.640038719,9.781981866,0.811408634
10.23867783,116.619151,4.107831577,15.06601713,0.913355542
12.12406536,217.6278072,6.928148255,19.13874425,0.779121565
14.39003567,100.5723671,6.445302029,19.86612871,0.875355933
9.960429628,74.77937068,3.292530856,13.61664307,0.944725467
8.699105126,24.62702851,4.561552813,10.04548948,0.817260161
10.84903912,129.1326692,5,17.41653207,0.872442237
11.24440727,123.1805225,3.03E-13,18.65,1
7.437830278,19.44507535,5,9.861641168,0.939203921
7.800818368,43.76283553,2,11.57920228,0.981288329
10.62149479,30.05128807,5.987801355,11.78064733,0.889105459
11.89237759,44.31332663,5.076694207,13.67769143,0.963217706
8,23.85356906,3,9.056947557,0.881649762
10.42270552,37.26007475,5.820180381,12.44136485,0.892022386
13.29764284,36.56543612,4.687428675,15.84949775,0.948737541
9.32546698,51.86160665,1.844017488,11.92592593,0.996904025
8.76489853,62.83517898,5,13.09803551,0.85732596
15.62274179,145.8789449,8.026559409,22.93676723,0.785784111
11.20098869,74.07810143,5.48262539,15.10960309,0.843557479
7.344873487,25.33970132,3.817994734,9.942413508,0.941293587
6.92135977,59.66684115,1,11.64049959,0.988344305
13.00389913,78.73485399,6.095333372,17.58597182,0.89425654
10.95437135,54.24666511,4,12.62269789,0.970976761
14.35448425,41.54394659,4,16.19165209,0.971499126
8.439623437,34.78404234,3.213330549,10.9832681,0.913459921
12.62494001,74.88823769,7.175013434,16.096859,0.782486201
11.73032897,71.90660365,6.119191797,17.18422913,0.906267662
11.23490854,65.40413421,6.022899741,15.0386234,0.784782532
15.11527846,80.94189242,7.409894966,20.156282,0.925214597
8.975078766,43.47774652,2.801497075,12.21024934,0.960806506
9.999676887,51.26998163,4.67524412,14.12111484,0.925252455
8.075084861,20.5591896,3.779756109,9.111717454,0.888948044
10.35609458,26.21685946,5.455489653,12.0399124,0.912979139
12.24157225,49.73633862,6.073124443,15.86281635,0.884437602
11.62471289,72.49435958,5.591626279,15.08722982,0.910930709
8.385693258,34.88206644,3.42614475,10.84655717,0.913812509
13.17945601,99.00730846,4.660173051,18.02001517,0.969602212
6.083621491,62.39841342,3,12.09994276,0.921189058
12.93942607,78.5842215,6.430233951,18.50028312,0.891341264
8.616899556,44.02892712,3,12.30687692,0.966968901
9.918362822,23.82345082,5.877253402,11.15117525,0.844786004
15.82124673,630.5664265,8.099980855,30.52967814,0.850226684
8.927900983,34.20944921,3,10.94930011,0.940091423
10.78544491,53.88409407,3,12.58960483,0.946421342
8.453154644,80.74189513,3.539724785,12.80998328,0.934633974
12.64300319,92.00764157,6.180604313,18.34327227,0.808878294
10.38047374,46.08387236,6,14.45081136,0.90317571
7.30619777,50.49478373,1,11.91545341,0.992954451
15.94295521,120.4902792,4.469055519,29.61748375,0.981281291
9.301628245,49.77448554,4.442411648,11.84966283,0.892246739
8.369459066,42.62649244,9.24E-14,11.77777778,1
9.83536567,71.60756114,4.430770423,13.34514936,0.887960758
48.82303942,138.5522089,25.12032795,57.48358376,0.74306934
10.40264157,24.38705946,4.780350864,11.17075444,0.87728438
6.778123838,43.59035352,3,10.8453178,0.953986288
9.852015512,32.71709064,5.820613773,11.81896621,0.850965567
9,53.11323467,2.436172169,12.19834768,0.949871336
8.899293598,31.79208261,2.585786438,10.92994417,0.965697878
9.963980358,28.02949976,6.226783265,11.71964845,0.862484951
12.7735331,167.5267753,5.249985735,21.61656457,0.962518645
11.30474172,68.21646631,6.92300954,15.38706566,0.73466096
10.06505468,190.7770314,5.555628277,16.88998613,0.831791383
12.10684577,97.61923246,6.884074212,17.26290675,0.877774919
7.336284345,48.22699924,1.872498104,12.31034483,0.997206704
8.757094995,55.92135237,3.59000291,12.28116339,0.944704876
9.272017524,46.22526022,4.176964185,11.96597139,0.880930409
8.98206349,37.17688167,3.660683924,11.55357302,0.92000674
11.67270671,34.43754295,7.039620741,13.47410502,0.936702488
10.28060821,39.76786459,5.12E-14,12.41176471,1
9.177698475,37.32982093,5.141405661,11.74900927,0.863897741
11.66651346,52.8496951,6.10602871,14.56008476,0.755941195
12.15008364,38.83097429,6.129452033,16.01250171,0.906368021
7,22.98717653,4.381966011,9.720426187,0.848090875
10.5380322,67.53703502,2.892635011,14.1613068,0.958927667
8,19.00517877,4.83772234,9.492201233,0.85585421
8.489276526,88.77507305,5.394961489,15.24547177,0.8089434
8.154161743,42.18935994,3.064170703,10.40007373,0.945461248
8.934091449,35.82838852,3.874919106,11.57537905,0.865748571
11.97333673,54.96896915,6.362627141,15.8964221,0.761622189
7.365718168,40.57940572,2.937589292,11.60895068,0.946829311
9.648864976,28.9620975,4,10.59373814,0.892730742
12.04820061,82.89396998,5.453485893,17.02727323,0.955612273
9.413328998,67.78144616,4.180115053,13.66014739,0.904140537
7.14436892,29.34380856,3.594864953,10.1153467,0.892530591
10.34483345,40.59653197,5.493621498,13.31949317,0.812164218
9.324780615,34.84767795,4.155072714,11.48199325,0.875745248
9.644910367,53.21564277,3.734221287,12.84477755,0.949706288
10.04910332,37.32872058,4.640504386,12.11153462,0.924544627
13.50265509,93.7468279,7.106262572,18.09136767,0.809457167
10.88266618,71.04277921,5.816365168,16.75484144,0.867780632
11.86378889,130.6052239,6.565332367,18.6896046,0.828348126
11.34891904,121.1385091,4.528848028,15.49528841,0.90611614
18.13203039,125.1749082,6.257530436,25.05480777,0.968039253
11.94398121,157.0920064,6.468305578,19.16534014,0.88295605
13.11517492,174.865468,6.998016542,20.0736191,0.799004468
8.730252435,13.5265968,4.777163041,8.782645904,0.852684068
12.16178634,79.87359263,1.07E-13,17.05555556,1
11.24699985,42.050367,3.931391326,14.3125,0.991341991
6,31.25864691,3.361631986,10.94451499,0.92992611
15.83380043,132.3645862,7.645242905,23.24893019,0.794081107
10.95269023,108.5049292,4.84124939,14.20272974,0.882395418
7.348668994,39.25446414,2.415335156,11.85693064,0.970914916
10.50155592,93.65438213,4.708630124,14.57289747,0.899264196
6.00309136,35.69244549,2,11.68005264,0.976467423
9.816338182,98.6901033,4.359830232,17.14079918,0.932005629
15.99535938,156.0046116,8.158482967,22.68652025,0.801239363
11.20522292,46.39681129,4.308865367,13.71277878,0.931114609
5.923526781,34.15294644,3.73E-15,10.25,1
9.486155456,24.52504554,1.638266911,11.75,1
12.6267196,57.77667072,4.866410638,15.51022543,0.956705494
10,32.41453995,2,10.63959654,0.946467177
10.70841948,30.21007056,4.862943869,12.02179874,0.921210631
8.455907321,60.6049818,1,11.80318002,0.990476645
6.629858867,11.1925824,5.370141133,7.505567728,0.726345264
13.21869471,49.96845153,3.553314072,15.27267702,0.98720726
15.84737181,157.4943567,8.254808318,23.3151847,0.807618769
11.37954657,107.6607824,5,15.4356488,0.881595172
9.155069658,36.81865933,3,11.23760872,0.964845193
12.74562713,53.94482178,5.638735414,15.89396893,0.961736974
10.63095784,38.43209747,4.788327865,13.02606787,0.899698381
14.22345665,52.37825256,7.36277102,18.32923196,0.818965683
10.91926244,85.02398483,2.893608385,18.14314727,0.989626215
11.73826221,67.4015107,4.506273053,15.82098413,0.960379228
8.898421328,31.93307538,3.254127708,10.98367437,0.955102119
9.501190918,32.73254424,3,11.40424835,0.913518602
10.96329116,58.3455662,2.90129172,14.71314706,0.96686395
10.59781901,107.348458,6.748756747,17.01316555,0.879991321
8.567668001,40.87222999,3,11.29414486,0.92368471
7,33.53043683,3,10.3125,0.916666667
8.19883072,35.01786381,3,10.99820594,0.908547447
12.27023822,32.67629073,6.140663008,14.93377991,0.901798304
8.044691292,46.88337002,1.970972478,12.0375942,0.985534028
11.35751974,49.50337526,5,14.93959373,0.926486433
7.901207439,42.24524017,4,11.34792006,0.912212223
7.286014755,38.22071355,3,10.45281977,0.929139535
7.580512499,36.70187203,4,10.2016608,0.906814293
9.996658332,34.15610902,3.467054539,11.22486292,0.915332169
11.87290347,35.49107676,3.332851239,13.94413256,0.929608837
9.819024742,43.72558875,5.995286057,13.75680047,0.755868158
8.97054582,33.0773147,2,11.47826087,0.977777778
8.952773492,60.82583868,2.384401466,12.88299127,0.995027781
5.5,42.29744348,2,11.43262916,0.958424001
9.933619078,47.86754879,4.790040945,14.65120959,0.924827184
10.78401388,32.03936138,6.652042093,12.78143939,0.845333293
12.11200693,92.14940513,5.65200186,20.11163676,0.948023282
18.66976549,285.7858439,9.456349626,27.74808032,0.75981795
12.83115614,260.3750765,6.188367662,18.84962759,0.831366102
11.07742726,63.88642367,3.865374406,17.52368144,0.927178912
9.640599672,28.04841464,4.94450383,11.40547444,0.910703282
9.016580667,47.6096493,2.70017187,12.28996026,0.971642158
9.023287198,60.34000436,5.174356596,13.07831616,0.82637712
9.154682032,37.28365778,5.887142655,12.17982195,0.801304076
6.909321554,88.80527275,1,13,1
10.36296938,37.01955045,6.374661634,13.01240124,0.909468904
11.1345827,29.74402145,4.358010086,12.74372636,0.946902268
6.80548011,23.22135412,3.618033989,9.026881797,0.851592622
10.19952248,56.55517102,5.524243926,15.09600538,0.90892179
8.325294962,38.91490584,3,11.38294314,0.945154124
10.43489997,40.29699459,5.760290038,14.29352857,0.943912264
7.346666999,66.88932712,2.468445827,11.3830981,0.968774306
5,44.86055021,2,10.93333333,0.976190476
8.538387269,23.06413149,5,9.701721088,0.931365224
7.594324742,44.4272586,2.927877085,11.16136377,0.958644741
5,27,2.484662949,9.708365773,0.933496709
11.85880374,44.80066999,5.65E-14,13.72222222,1
9.076134541,54.38889531,3.722701582,12.2635123,0.923611805
10.21157259,66.41015178,5.717561583,14.08529648,0.842710046
11.10016384,119.7327605,6.571106696,20.57295831,0.90858491
13.91647895,67.19430503,6.909873769,17.49341386,0.855764273
5.890227771,20.05862138,2,9.187147399,0.962463061
9.442574375,50.8986831,4,11.51645796,0.91288996
8.780140093,32.93471984,4.183360593,11.05784238,0.911360636
6,51.27930391,2,11.02082745,0.974216791
10.56510704,30.61783024,4.789094223,12.75984841,0.931375796
10.11378692,59.08848085,4.145511038,12.7405945,0.898714135
10.33187852,45.06450585,4.207071668,13.52294662,0.885896311
7,17.22355929,4,7.997020698,0.734420268
12.20166822,53.49182489,6.580507522,15.78734488,0.8512784
6.933497457,58.23309469,9.10E-14,12.41666667,1
7.961163222,52.88993199,7.57E-14,11.80769231,1
12.09269999,49.75668128,5.098029482,14.38554101,0.990097964
5.699481978,49.37708272,2.480061128,10.97282647,0.957945168
6.954390516,59.0072735,1.939656869,11.56479648,0.99126827
7.339513904,66.90258254,3.325168894,12.55618519,0.945089208
8,28.62499659,3,10.80664356,0.959169547
7,32.64441354,3.916404102,9.860637178,0.896421562
12.78437685,76.82082733,7.028157805,18.03144876,0.72125795
9.764956458,117.1166893,3.04376465,13.93675451,0.933643725
10.31572123,38.57459236,2.927773809,13.8857867,0.991841907
9.648584882,21.25366518,6.583609339,10.89924775,0.764859491
8.125987899,33.16863685,3.303325068,11.52631579,0.98206278
7.169307682,38.38407275,4,10.30484477,0.893299237
10.76279132,61.10674045,4.310968385,15.17376241,0.957812245
10.04916948,87.12168749,6.617594976,15.73873847,0.882546083
8.601109931,70.92129923,2.846599839,13.02199388,0.964592139
11.21469851,45.77852024,6.220086124,15.47241795,0.944880485
11.12567895,71.32263759,5.356556332,14.07372195,0.913060261
7.695411856,28.26309816,3,9.96728699,0.914030685
10.36023485,46.78236178,4.021340467,13.125,0.954545455
12,93.90354018,5.528211363,17.42649964,0.892462246
9.156107038,42.78931097,2.868381697,11.53859491,0.9245669
13.27133291,226.9747492,6.629929352,21.18351521,0.854846578
9.257977191,30.6120085,2.322041273,11.29016537,0.967728461
10.78796638,36.76388429,1,12.3,1
10.08113883,25.73175342,4,10.20275107,0.922861906
8.678422661,40.23235909,5.49E-14,11.57142857,1
10.56645581,49.92850642,3.035099178,12.60034627,0.940693828
7.778824162,39.81401077,2.583394366,11.76519374,0.980432812
8.420100789,36.20611408,2.98000112,11.08661351,0.962703134
10.05493733,104.190672,6,16.31530106,0.813505316
13.60188963,93.27265984,7.020142062,19.26552758,0.85624567
12.22226288,55.09316455,5.677364646,16.66539852,0.942516111
7.552948761,38.26788773,4.785837813,10.24843304,0.898985354
14.24348727,85.24459147,5.133168967,19.22916999,0.946250896
12.98694731,56.97953168,3.736903974,15.86838123,0.976515768
9.213315058,46.78588551,3.957509668,12.68014494,0.915484602
9.213685888,35.94955368,5.54665662,12.29182089,0.904592879
11.01837885,49.24085994,5.798877742,15.40730961,0.962956851
11.41060379,145.4700316,6.705276006,17.52416937,0.861844395
6.697224362,44.06350774,1.25E-13,10.52631579,1
7.926532776,41.88004245,3,11.83813797,0.956841979
12.49749048,100.100759,6.242579271,19.5748065,0.910456116
10.70648189,36.42641362,5.77681735,12.74243197,0.790588845
8.070142261,33.48605798,3,11.35711495,0.952778099
11.2325492,122.6898103,4.172083443,17.25984464,0.980672991
12.8835641,121.3212409,5.891249876,19.16761902,0.906985127
9,23.73586482,4,10.46280694,0.957381028
10.13372631,48.4580773,2.760215779,12.92691839,0.968174193
9.15713682,75.70729096,3.481021622,14.05627372,0.946227207
9.811464245,57.5436395,4.158095811,13.0394827,0.895947543
9.510712045,36.74232273,1,11.95694858,0.993824298
9.139828552,41.84004067,3.416351995,11.97896783,0.95576871
7.3782619,64.30168086,1.942064504,12.32348168,0.99123657
9.266684095,39.01121185,4.776964586,14.26376337,0.963767795
10.56898925,53.04885262,3.321852469,12.0679682,0.933977172
9.672958787,47.11867538,3,11.22989467,0.909829429
11.85745148,73.26883206,4.764209843,18.49225465,0.932843707
11.36178112,43.80583193,5.548245803,13.27045276,0.898966155
11.62117253,26.66448545,6,12.53333333,0.979166667
12.70978782,53.20791511,5.797320267,15.68757789,0.899939279
8.456513469,42.55160874,4,12.01778767,0.845972631
9.822520916,95.91097224,4.376809794,14.42408002,0.906181396
6.856298539,70.48126079,1,11.68139631,0.99670617
12.84738702,134.9987873,4.507915609,20.09679824,0.925395575
8.449090244,35.73775695,3,11.01448397,0.939219564
20.54771422,66.88600924,12.05175391,24.04414831,0.740348955
10.44454508,41.38122469,5.141690538,13.05642632,0.826907
9.018322652,41.72751237,4,11.6754702,0.905075209
7.574158467,30.87330457,3.252123164,10.57606326,0.933182052
11.28178737,49.41647859,6.701541407,16.13785555,0.86805091
11.43042164,94.80636203,6.114665022,16.80244916,0.926605652
7.651456374,39.46504925,3,11.18461352,0.957586774
7.269045026,31.21064697,2,10.52941176,0.983516484
7,9.302775638,6,7.186110805,0.670703675
10.32123978,61.61851785,5.883642811,15.08948366,0.817488957
10.62436181,120.1133268,6.008129539,15.38470011,0.861351794
12.90258522,51.91761098,7.559531,16.69162946,0.785488445
14.889976,177.8121025,7.745386575,22.51088543,0.823197165
9.67998902,38.92384533,3,13.06897008,0.951380964
10.1392185,59.21760676,3.899262057,14.03569322,0.952274171
9.811616942,23.32323921,3,10.39296335,0.920210297
13.26306617,138.5148802,6.984442766,20.89966568,0.857422182
11.70896886,41.84480872,6.066671793,13.41897351,0.840971092
11.72699514,38.85863713,5.579097239,13.84496235,0.865310147
8.366578346,45.52387369,4.035891981,13.36145833,0.926041666
10.48410753,25.6857402,5.757202711,12.31243766,0.94153935
8.442908177,57.50162989,4.25610364,14.12036398,0.924242006
9.092986167,52.26962718,3,12.65478287,0.949108715
14.38429403,77.22376347,6.63371545,17.79034426,0.91824468
15.4324202,223.8385369,7.653326997,26.23834676,0.816885017
10.78589053,34.32626438,5.794002924,12.99633899,0.81737981
12.67780732,34.06177023,5.222793032,14.16472178,0.908966104
10.78559039,123.7476834,4.880873533,15.77806506,0.898932604
10.87817044,44.63716971,5.462204432,13.87245801,0.806538256
11.38112187,51.76309679,5.628414616,13.66513905,0.942423383
8.074623853,29.0623121,2.699887562,10.15002993,0.92948992
6.390351604,27.08514354,3,10.29054852,0.907989575
9.184387776,55.84641047,3,12.69209873,0.96451182
6.581085779,47.56672827,1.96366079,12.25265175,0.986790745
10.05449985,126.7638205,5.248130209,18.79067483,0.900152088
9.272325882,27.29632177,5,11.12512946,0.864647368
6.741860323,31.92459603,3.433803648,9.899315015,0.918493146
8,31.81685829,3,10.32624677,0.942831227
10.25079587,69.81084066,5.901929562,15.69315755,0.923126915
11.92631941,52.54227927,5.399981699,14.72278863,0.931822065
9.856907569,60.6443106,5.880262069,13.46240097,0.911969098
10.5950193,86.45984532,5.200737595,16.22937771,0.923949721
9.109613405,26.29215091,4,9.698403881,0.877474637
11.92140619,61.06702162,5.258615971,15.62089884,0.880050639
10.6661184,54.86024349,5.250361228,14.019744,0.878730393
8.154663284,36.31396578,3.764443717,10.61533506,0.923072614
8.749885007,73.6623772,3.322506028,12.75497604,0.955994259
10.33801391,48.50228455,5.117371222,13.62353326,0.928877268
13.08524169,141.0334239,5.542479103,19.31552897,0.951394898
7.695065908,36.34884795,2.956558055,11.58365899,0.942044556
9.176349314,30.19694166,4.935544758,11.21658516,0.918316914
8.582775311,24.26550972,4,9.736552673,0.909458217
10.15388777,44.41509436,6.28541435,13.72031575,0.801530473
9.515788203,37.40193305,4.737654766,12.50462604,0.911795649
9.727648702,36.42889628,3.785919473,11.2818312,0.93197736
10.8983557,64.38930191,6.085960983,15.35039318,0.890637147
4.5,72.89388681,2,11.21551146,0.963295463
11.75108532,83.76352904,6.12064891,16.52565916,0.916206976
15,159.8218782,7.987467576,21.37219542,0.734341387
12.26185336,148.2684437,4,18.55088227,0.969980772
8.149769918,28.85574754,3.926557244,10.47374668,0.866792828
3.830180489,77.2862469,1.53E-13,11.62962963,1
9.23622743,48.58469714,5.705957191,13.34994411,0.878285797
15.15364759,200.6368796,7.679600542,21.92718432,0.775137133
11.6867813,76.62570926,4.930929637,15.77728925,0.890653425
9.540350201,48.87741238,4,12.70087875,0.951376686
7.363300064,29.74490947,3.471901511,10.75908302,0.911786697
14.8272598,191.9866944,7.815248915,22.66631824,0.786748304
11.14027178,121.8739199,5.568798662,15.37321555,0.857940177
7.849624981,64.06458169,4.227878706,11.68860603,0.914511963
13.70005008,103.5156597,7.035313967,20.10030812,0.844167311
16.36657306,218.1062653,8.193041285,23.99588836,0.768551585
14.47053098,198.1410573,4.705596503,23.42525986,0.948686536
8.805762021,22.14392472,3,10.11524335,0.911283184
9.230657943,94.70192585,3.382891148,20.01958415,0.994761945
15.11694639,121.2695156,4,28.95097838,0.988573702
9.466775997,79.77279447,3.590662802,14.52719451,0.935729115
8.454785738,67.06659771,3.496636139,12.48293519,0.920118073
11.43387605,150.1949654,4.412471877,16.12612259,0.905097857
10.06728025,55.40571499,4.101866456,13.87127127,0.985775623
10.15250693,37.05091528,5.491633717,12.4378697,0.822738462
8.97577368,60.2090939,4,12.20925659,0.913750095
24.36166416,165.9044286,9.412321742,45.54548448,0.940984209
9.87440292,41.11091916,3,12.55274388,0.963871405
8.31662479,22.10222292,2.555363382,10.52241664,0.938619325
9.357493878,56.99052542,2,17,1
22.285679,150.7086046,6.037810743,29.99552952,0.984500193
8.728180875,63.17241502,3,12.01218863,0.948330682
10.48804556,30.26803993,4.89E-14,12.53333333,1
11.93727167,122.5226539,6.056305288,17.3572519,0.916867587
9.0323648,26.31850842,4.77E-14,11.05263158,1
9,37.69414036,3.866961668,11.39178326,0.959308064
12.39820648,48.89954121,4.13639836,15.48877247,0.99287003
7.15485877,31.29964176,1,10.85714286,0.987012987
11.48306956,139.959291,5.397111631,16.70181368,0.919365891
8.601054329,70.28501998,1.683753293,13.59986723,0.990398857
10.77531123,50.02070675,6.010615079,13.99208423,0.880005298
11.43273131,29.17453442,4.861555148,13.66280163,0.884641832
10.39669103,16.09901951,3.282387059,10.08869328,0.907982395
9.709841315,35.88071106,3,11.30758941,0.976194769
10.36967106,90.11274537,5.459531148,17.480255,0.938537181
7.214728641,30.40338473,1,10.66666667,1
9,43.60815524,4.470731294,11.41764233,0.900841505
9.181326478,39.30309562,5,12.45462379,0.939039095
8.650412265,36.54005055,3,10.55469463,0.948736596
7.697224362,49.48552142,2,10.93466918,0.980850724
7.274920358,61.43938147,3,11.54245118,0.970383064
7.903539436,32.58499121,1.95889316,11.91304348,0.996363636
11.11568492,72.48136892,4.985966519,15.72430806,0.910859308
8.783450237,28.5836029,4.623235436,10.86476963,0.913409837
11.11476591,51.77438813,6.111949365,13.62731955,0.813085892
7,38.14593411,4.817279894,10.10843662,0.852164715
7.272042318,53.42310056,2.594755945,10.65882202,0.957749225
10.77848221,35.18538494,5,12.79530176,0.82550334
11.82804555,47.91604317,6.755203702,15.40554187,0.928702878
7.5,34.58902884,2,11.57370595,0.982673146
9.204410813,26.12993649,4.533840819,10.65266563,0.853135559
10.74028863,147.5071023,5.11920759,16.7409323,0.849793518
3.5,42.07255813,5.62E-15,9.75,1
9.913861906,53.53208778,3.852894763,12.74868577,0.948739406
12.62892059,34.6422773,6.53E-15,13.66666667,1
13.56690598,186.1034623,6.641872077,19.62080898,0.914723029
12.7281005,90.093223,7.293068849,19.81474169,0.80973704
9.965173206,44.01477919,4,12.07851351,0.904273739
9.463366706,21.14395329,5.636810591,11.10595437,0.876785872
11.90978566,103.3178122,7.107334812,18.35148799,0.738435433
13.06237995,58.46503065,4.438513942,16.58228362,0.968308533
9.08857978,40.18587584,3.545001255,11.44146933,0.960734066
10.89096597,31.1750056,5.206581885,12.64283642,0.949462024
9.406395151,79.83956807,3.063426744,13.34438189,0.935482441
8.667201133,26.00383715,5,9.928855364,0.876075473
9,29.11429179,4,10.12645411,0.883516131
8.889980592,13.87229117,4.697224362,8.714876991,0.804450184
10.93481928,86.08457347,4.809632395,14.17450547,0.869647163
7.873617359,78.4322057,2,11.57766276,0.980366605
9.419058581,35.31009779,2,11.60825643,0.987936717
8.912001517,35.10533759,4,10.59932038,0.942161812
9.490213656,39.19670914,3,11.64660908,0.920106331
6.5,19.03831009,3.910105426,8.352592074,0.812057563
7.714150621,44.32945771,3,11.54062419,0.939353132
10.55869559,85.10388005,5.077155936,14.00930109,0.863802197
14.77205823,46.643301,6.131919897,17.90596393,0.994775774
15.0431964,154.2288152,7.980775722,21.06284879,0.79140627
12.0237924,38.20145282,6.375185829,13.72968882,0.896632739
9.985569344,92.30274775,4.299679469,13.76493038,0.904351228
10.0373091,33.84822169,6.357820064,12.92224224,0.86436403
8.336848891,14.09639438,3.441900752,8.38706832,0.838706832
6.135578736,37.46777214,1,10.76113561,0.978285056
9.503360625,43.83551024,2,12.76238772,0.981722133
7.593658957,87.37987463,2.354513294,12.78503942,0.981424188
12.48176045,53.61043432,5.385939302,15.58860295,0.920586788
11.74618002,230.937859,6.444509956,22.20560939,0.866403835
10.91001954,55.57745266,6.333791835,15.95009315,0.896602869
8.420432861,65.59343389,1.670155882,12.37591905,0.977781415
9.023098472,37.054048,5.763932023,12.36447645,0.873327333
9.151763362,42.65020842,2,11.64957575,0.970797979
9.841484436,28.90973768,3.719370365,11.61869849,0.949240072
5.953250836,64.01837303,1,11.35294118,1
12.7166779,203.2244275,7.067831034,18.18097644,0.753241362
6.679917838,53.25805567,3,11.7422768,0.949742976
11.67698231,412.8667444,5.768979669,24.51495819,0.845964049
12.90375971,47.61049897,7.228039442,16.06294616,0.842251859
10.06155281,19.15092531,3.876894374,10.27603106,0.887139372
9.097495511,41.06318225,3.899877782,11.367736,0.911241362
7.906540806,38.17999212,2.927161212,10.80952381,0.974248927
7.987029947,51.32003193,2,12.03562313,0.981445663
8.431844589,42.34097287,5.813047656,11.94167001,0.823563449
8.861001394,49.88178373,5.376659908,12.03330751,0.825815221
10.83536755,126.9087093,6.23660053,16.99799486,0.858484589
13.59729605,75.37938491,5.432075866,16.61961868,0.916290764
7.33608789,59.9074812,3,12.39583757,0.9627835
12.07147937,53.25444058,6.410472513,14.94358436,0.843317402
5.829605239,54.42088666,2.828273973,11.65563204,0.937136244
9,27.82015993,4.89984269,10.38717985,0.940218865
10.72164504,100.8150445,4.757639694,19.30828814,0.888418166
12.49887005,50.0956895,4.391710512,15.19291871,0.982300779
11.25456562,154.9497683,5.26762137,16.20291711,0.84868054
7.910706753,60.7070024,4,11.63889893,0.876484508
12.07284863,67.90302483,5.757053545,15.98164355,0.885900419
11.47754609,38.32581193,5.305171262,14.06870695,0.921531023
11.61342332,49.27372134,5.740956527,14.28641648,0.872061329
11.65764082,74.37501225,6.71304284,15.79741888,0.889258679
11.54853281,35.22449343,1,12.32336705,0.996742924
11.46464965,92.88995431,4.780658747,17.29990096,0.904032829
8.867154858,25.18758401,2.924791054,11.30795086,0.898958436
11.78827005,70.09639665,5.149277805,16.76158296,0.948768847
10.49097672,29.837467,6.332714578,12.0935589,0.841291054
9.854556672,26.88882219,6.402959515,11.9147674,0.847493915
20.95614382,377.3071184,9.775362941,34.69364252,0.820839382
12.59132781,78.68988093,6.597488351,18.13553346,0.834689825
9.618915919,32.6270366,3.337358522,11.65920693,0.955672699
8,33.94587195,3,11.07965843,0.943822755
10.34316942,32.93730297,5.654827555,12.18585939,0.953675952
11.0873677,41.60066702,4.800200249,12.2867366,0.913350331
9,26.83635669,3.919124668,10.71496692,0.903671909
9.85544736,52.53424462,4.894559695,13.73723028,0.915815352
13.55799108,84.2108234,5.905900311,19.32942844,0.946880785
9.447141663,40.33884768,5.419545757,12.49717134,0.822859018
11.58392855,71.50779369,4.710629905,15.78401072,0.859937315
8.051469039,53.50225492,3.515045344,11.89911367,0.954314881
9.139843755,136.4130343,5.670300714,16.61992113,0.836700835
9.950006325,64.43071369,3,13.23961376,0.949402559
8.068680808,39.51009763,4.118255764,12.18563848,0.923820968
9.792328148,36.60229538,5.442692009,12.62493271,0.851119059
22.33786441,104.1541071,10.93280537,28.28224726,0.760246523
11,39.18834465,5.341647239,13.56031264,0.864583692
10.79500506,41.63930898,5.680933446,14.49645805,0.887538248
11.46375028,95.34502469,2.818018622,16.66754857,0.995723681
6.922868048,41.08850881,2.886873317,11.175705,0.9437262
12.34639138,82.68993712,6.335170163,16.6238871,0.853659067
8.715783464,31.05733657,2.690320923,11.01337024,0.945592395
11.08818592,49.17342678,3.729161716,13.7044913,0.9561273
9.70402014,64.5897519,4.184850697,12.24179477,0.864762544
8,25.41191812,3,10.45600398,0.932695191
6.142974148,81.29450701,1.700937824,11.95513979,0.996261649
11.83297918,31.47204781,5.918750775,13.77941253,0.855273881
10.24961915,81.61380291,4.068234417,13.85346745,0.90752786
13.99658064,79.68982248,7.057978174,18.60607675,0.850369138
8.302102232,25.37466289,5.604784904,10.17151777,0.711294949
13.09605652,49.86995677,5.446307865,15.86021285,0.905066494
7.5,48.61398183,3.339125518,11.55981682,0.956286549
9.402357653,41.64532764,1.959156995,12.23476613,0.97599274
9.756036423,42.09275653,6.787030636,13.86490324,0.878110539
12.08107822,93.26010966,4.616417027,17.63925592,0.970332349
7.678246955,30.76303323,5.32662551,11.25720282,0.820061133
14.6860647,225.1920759,7.224103349,22.7233448,0.877968869
8.999484149,23.85374429,3.382729109,10.69852869,0.92627954
12.29055615,79.7808604,5.307958509,17.85600707,0.961477304
9.178689174,39.97358273,3,11.40718967,0.962944582
7.785644321,41.1151164,1,11.04761905,0.991452991
13.14974543,44.99527363,6.241796928,15.26890825,0.869747938
10.55562264,74.39749663,4.393564828,13.93714395,0.894009909
20.11872716,153.6036897,10.24449108,29.35081185,0.905152786
12.22071771,60.65151347,5.696895048,17.11673448,0.861993823
12.70234884,123.6633935,5.861899841,20.15116881,0.836364983
18.27494269,254.6132225,9.478873159,27.18781547,0.727294759
9.542722994,34.34484483,2,10.73790106,0.968171407
12.84438957,63.66897987,6.510586679,15.9344851,0.8085151
8.099255947,18.55778083,4.614935413,9.291625532,0.783002152
14.29501137,54.89555887,6.263449792,18.11074959,0.929891788
8.051465975,41.46524158,3.373077572,12.09807105,0.920705559
11.06511863,40.92481553,2.346748139,11.89487792,0.976445203
9.678948119,62.30336316,3.718311694,12.34390615,0.905021965
24.67761397,141.0117497,10.19502212,33.25137703,0.814076568
13.13287499,49.92331759,6.323723525,17.19911639,0.975207631
10.81998949,52.83278186,5.150468203,15.37304501,0.974347923
15.4890054,130.2694428,6.49713562,22.60765744,0.831163877
12.66201415,252.5023408,6.319027004,18.54936636,0.824488702
8.087134534,44.91402082,3,11.662484,0.94837782
8.808924474,46.03765889,1,12.33333333,0.997304582
10.19326205,69.73987718,4.82296729,13.33642,0.865762072
7.446457179,14,5,8.426000187,0.822048799
10.73090091,48.54801796,3,14.60718882,0.986337509
8,36.80071717,1,10.95238095,1
9.001497706,50.27457754,3.735508459,12.42880441,0.921871585
6,44.345909,3,10.50917074,0.895667961
12.01318667,41.74408277,4.362935119,13.99206088,0.929160293
11.07320283,68.67719571,6.785420051,15.11246454,0.831878782
8.845492561,34.16748244,2,11.4822101,0.952441391
16.38348482,190.1509343,8.683274661,25.56389804,0.762848416
13.96851478,165.435875,6.301159026,22.41616648,0.915273273
16.26265379,139.7924398,8.022107556,22.73681386,0.789395494
14.47694864,330.4182343,7.731547393,28.00702097,0.86047339
9.968478787,44.03224049,2,12.51005809,0.974809721
10.09148725,94.10233614,5.335349154,13.76743642,0.839173856
12.72057927,60.39472816,3.591189358,17.00218787,0.976202175
7.847214799,70.20954734,2.969314169,13.46779506,0.959808924
15.0639025,72.26753878,7.341711963,19.19859163,0.823070229
11.37503609,47.01055143,5.736943433,13.84713351,0.869192363
16.56327282,116.5464035,7.982252395,23.29896253,0.891422087
15.97451583,155.2412692,7.534589089,24.07740413,0.857397345
10.56127476,117.0558858,4.657908901,16.44268838,0.900682294
14.72267141,77.30006376,6.978446101,19.77323446,0.88160918
8.134460417,105.4951999,3.773499743,14.62632053,0.938369239
13.5811964,81.90274743,6.858121656,18.80823202,0.889214408
7.937296011,33.33335281,2.30306772,11.10742899,0.965863391
7.953696389,228.877455,5.196041047,20.68105604,0.903102884
8.873569896,63.93281609,3.926489916,12.97569689,0.949441236
8.079430403,51.07093772,3,11.92063702,0.957908332
12.50036718,77.32534785,6.733854017,18.98131553,0.865814393
9.729225655,85.60850349,3.522607988,13.34284246,0.915685267
8.646161905,72.50514283,3.310384013,12.06984045,0.925710477
11.07179755,99.56779825,6.08809715,16.94105356,0.915732625
6.848880355,47.53473346,3.736113951,11.09590396,0.911992107
11.08047852,30.06638475,5.673066365,12.67146722,0.791966702
8.746413593,115.0625261,5.671328027,14.57371586,0.717917037
17.06946293,632.800323,8.917294398,27.64719734,0.757012123
9.828427125,63.89759809,5.645906659,15.40266404,0.886180671
14.79707361,272.8405984,7.270995063,23.30145015,0.865530923
10.08515769,34.67923628,3.365371305,11.49275105,0.951924834
11.59219384,50.08190501,5.535317686,16.067005,0.930521525
9.360575567,34.97303164,2.819730097,11.86767111,0.984148336
8.778926231,61.73480382,3.594350871,12.58910016,0.946967711
8.274487281,50.6307003,1.921964997,10.6780072,0.970727927
10.77400656,45.51834752,5.405602199,12.73992114,0.843083017
11.84892873,65.10200395,4.037251163,15.64458621,0.974205002
13.23567294,213.5200185,5.802782983,20.22957247,0.911926633
9.839379377,38.14957135,5.942178633,12.77282402,0.862300356
10.63463072,37.32655747,4.725425033,13.01782539,0.933177447
8.170058568,45.39531787,3.944797681,10.96492636,0.899929161
9.502247121,42.49996563,5.699188351,13.51268078,0.920012309
9.836931276,115.6258123,3.180635377,14.29227537,0.942347827
19.51264642,333.8980635,9.074043354,50.87542579,0.895707491
7,45.07155898,2,11.17000409,0.96974312
9.96871549,40.57277425,5.669350315,12.90842389,0.875147382
8.348961293,69.59372042,4.594662286,12.24551382,0.841879075
10.56098233,30.83300512,4.552718514,13.51994088,0.929943023
12.9089662,75.86980233,5.568097357,16.61891893,0.846823894
7.983056613,41.77576324,1,12.25,0.991902834
7.460376959,38.05131989,2.795095447,11.47249707,0.959517937
7.221921255,34.19193036,3.5502575,11.03349581,0.916520419
9.675378776,54.09894101,4.012352036,12.1172622,0.882163319
12.73327789,96.10447194,7.072955641,17.23445535,0.770393822
8.225070279,30.80388644,3.753182161,11.83390685,0.942523555
12.75113028,63.01888089,4.48886099,15.69586086,0.929141869
11.49523664,54.79240517,1.778665393,15.26666667,1
10.16553636,16.30372642,6,10.9112851,0.892741508
12.803822,104.2317176,6.340124748,18.25843065,0.911580972
13.7264005,48.14169093,5.754692878,16.92589808,0.916564878
6.592998293,28.04987562,3,9.903444094,0.925046976
9.423901453,28.23107945,2.96004119,10.93888059,0.946633897
7.925123381,32.32658588,2.440010135,11.57938684,0.97117438
11.00016681,84.87729696,5.352501274,22.35565427,0.921249489
15.86480946,193.1047476,8.912220947,23.21447855,0.678233656
11.41963731,92.76041427,5.787751928,17.60139839,0.88428078
10,29.90392633,3.763932023,11.4066865,0.955867584
9.207227942,53.75388678,3.717732254,12.8348881,0.913344097
11.02036248,69.51767983,4.694683459,14.51621796,0.892429358
8.628141562,29.44514117,3.744670968,11.13679804,0.949649445
10.18498336,30.86002527,3.61E-14,11.10526316,1
10.38803357,29.21677918,1,11.61538462,1
8.238321659,44.03517423,2.978057117,12.06115094,0.95151937
8.330336159,31.01644086,2,10.58128212,0.975943496
7.212649598,68.00166117,0.906090666,12.95812841,0.999039378
25.6352897,207.7395457,9.327162524,48.13045305,0.924634019
7.427092305,28.21065214,3.801911732,9.473369831,0.857114413
10.9221001,40.78632301,4.925330824,14.07651991,0.924215954
10.15945341,38.21506673,5.617916967,13.0861341,0.835285155
11.03729689,36.55895053,5.881220794,13.92299389,0.780167761
6.296016377,32.2242137,2,10.375,0.970760234
8,34.91922183,3.116037527,11.71505992,0.952107343
8.091325371,41.39894214,4,10.01814483,0.897683229
12.26132782,56.09862577,5.655128952,15.45650416,0.933363778
8.816087293,23.68254368,5.249660009,10.16083633,0.865721481
8.833534857,30.34463831,2.938797171,11.37941168,0.956676203
11.70190709,44.19400646,5.122513338,15.11932948,0.934649459
8.628577303,30.36799095,4,10.90375231,0.905501922
15.08647576,117.6036888,5.87843074,24.21748536,0.924913569
11.37748351,83.02577212,5.13559046,16.21032229,0.870510776
9.400378571,46.3240662,3.120252254,12.15462811,0.944048785
12.86186334,179.1671867,7.445546425,19.14674391,0.728936951
8.436379091,33.12759468,6.086880595,11.06985027,0.744463614
9.197984472,31.08161219,2,12.05360402,0.979967807
8,16.23606798,5,9.061802305,0.82380021
7.651387819,46.00611493,2.158704924,11.37445078,0.97961777
11.75562474,48.79635314,5.544038716,15.73248302,0.862053864
10.27504022,54.44552208,3.939042249,12.72465192,0.90667053
10.8994575,30.91996722,7.135478177,13.35916655,0.841522302
8.824085771,50.35111238,3.747446551,11.74999251,0.942629996
11.8846525,58.39799832,7.389315014,16.83077164,0.911413627
18.26870979,83.84574033,8.599379625,21.9191198,0.898193066
11.81250399,68.29385416,4.345494312,14.86652494,0.902520907
14.02724596,74.66054295,1.05E-13,17.8,1
7.614182724,37.71043284,1,11.5,0.989247312
11.38585619,41.40440268,4.88394073,13.9176985,0.830907373
11.19001714,18.23971935,3.671711893,9.987895635,0.907990512
11.2124817,69.2925215,4.669620469,15.71428571,1
7.955144983,47.78238948,2.381966011,12.57414701,0.979134398
8.140054945,26.7164295,3.931323479,10.55515544,0.868869502
7.084431302,50.49717063,1.962672993,11.73082738,0.98978856
10.2492068,33.949609,6.200983014,12.67966891,0.79700776
7.414213562,34.62995667,3.422609796,10.44228145,0.878322739
10.29153808,42.29659597,5.684245163,13.11329389,0.904365096
8.831245696,51.03488399,4,11.84567772,0.935708996
11.83762081,52.57610697,6.420326935,14.47030839,0.913040491
12.46939639,58.0773966,5.468620707,15.13799709,0.865028405
7,46.28500074,4,10.83155349,0.899061752
10.15029299,97.12398563,4.925741271,13.86068185,0.873863213
8.569652816,45.2308292,3,11.46105794,0.934050977
11.77549522,67.88360274,4,14.37986922,0.951858956
8.820582135,35.28124663,2.53949513,11.07344217,0.926851987
4.958847283,48.04840608,1,11.86363636,1
8.244955557,19.62250905,4.82247083,9.388777305,0.826684794
15.25832546,176.2893131,7.048050852,22.58512902,0.858342196
13.49081576,70.54563162,5.634492916,17.42875025,0.902784186
9.809336552,29.77639524,6.219405126,11.68559022,0.804054373
11.15120784,43.35581519,4.670545707,13.73933091,0.984898273
11.76147403,39.20368454,2,12.17457577,0.990953842
10.92475936,136.7677371,5.09026703,19.51142253,0.943150334
7.891263004,46.38795076,1,12.12,0.993442623
9.622731627,29.15991764,2,10.74439589,0.976763263
7.993948029,30.12241643,3.548823275,10.47691752,0.922837295
10.37580928,38.29589116,4.49741785,13.36640138,0.93126567
8.344690918,41.08293675,3.508096003,12.43739179,0.936616194
10.11248105,31.8663571,6.481505719,12.74313453,0.849542302
8.932936032,30.58710062,5,12.34178993,0.964202338
8.167874162,49.50566588,2.557528651,12.53970862,0.954315724
11.29358589,43.75160683,5.373534991,14.20051514,0.903212977
9.11969056,60.43133752,4,11.81488498,0.875660723
11.96584897,41.51266487,6.783899964,14.19636096,0.868732536
7.140852281,47.16353019,2,11.87428293,0.971130946
13.79590532,66.5253701,6.957473051,18.1493405,0.82747753
7.750606419,41.25433312,2.450025563,11.31229929,0.965030271
34.16062465,281.1316883,11.52536194,66.80531119,0.931188819
10.74214039,81.67152601,5.86597492,16.51811141,0.917672856
10.0391509,47.31727929,6.946453304,15.29359456,0.896109056
6.663234509,39.27025132,2,11.66666667,0.996441281
10.85878418,68.86372182,4.403995146,15.76009671,0.946924902
11.49149418,50.37962805,5.924466244,15.0440824,0.946168704
9,27.31723325,3,10.22274552,0.887257158
9.15557737,71.70396911,3,13.23438495,0.9674258
14.28281234,122.7407405,6.419672991,20.62453295,0.870737732
13.22099186,40.09902254,4.923635581,15.60993317,0.876067678
15.8067451,77.77059415,7.808930386,19.97361893,0.847686745
11.553888,96.21645462,5.436159664,16.79798325,0.944567447
11.50931837,34.58148211,7.645064729,14.11702621,0.962524515
6.946278855,58.09333164,2,12.20460585,0.961413153
7.706564281,16,5,8.965682742,0.886715876
8.790947831,40.75216849,2.271785646,12.04393237,0.987830415
11.26474958,103.0912688,5.29509342,16.15543316,0.924557922
14.60491161,112.3826651,7.804387254,21.6573886,0.821948552
11.42100632,67.45826678,3.226753707,14.19793344,0.930549759
9.716017344,48.255619,3,12.1754635,0.942296564
7.965751905,42.04852704,2.560607972,10.93103448,0.960606061
7.545557917,51.96608083,3,11.33563548,0.952074371
7.964606805,32.18201683,3,10.84133974,0.940320284
11.97762136,48.28085613,5.199028715,15.27573355,0.889063857
10.96911694,44.59404965,5.525132469,15.11994124,0.932507389
6.101322114,65.52141142,3,11.71847187,0.955310207
8.060504371,38.70671795,2,10.80489266,0.954850979
9.139584981,64.0035774,3.882623284,12.36725616,0.887336765
10.25598466,35.20079926,6.324068885,12.69587612,0.788563734
7.809687726,69.77821346,2,13.02195131,0.992379189
8.338222529,43.85535625,2,10.8125,0.982954545
9.948199993,68.32955826,5.720181082,15.08435372,0.876269511
13.14682461,54.99224611,5.838365197,15.9455512,0.889818705
10.30616848,53.50322216,4.961923802,13.8269279,0.901756168
11.54934857,53.78276817,5.400610658,15.31654409,0.811216711
11.30805022,91.33933787,5,15.73391071,0.869713657
10.40531694,27.05187039,6.70850614,11.88451924,0.919244582
10.83762942,83.12120454,4,17.21384267,0.970234769
8,17,4,8.837408539,0.810417377
14.18455597,51.28295032,3.895589076,16.97820687,0.984243877
12.08561901,72.35124577,6.140506457,15.93635128,0.849342705
7.093397221,30.9190804,3.543377909,10.94818623,0.887690776
14.35943574,90.01410923,7.529536861,20.17438436,0.815950834
8.878573291,44.48436688,4.393283406,12.22385936,0.884621401
13.01664296,115.0870718,6.928131121,17.92951399,0.781668185
11.43882284,83.29082886,5.359301873,18.57740377,0.909718226
9.790928642,58.68268955,4.722667509,12.29782228,0.893500959
10.32153361,132.8483371,5.076811464,17.17606911,0.899022901
10.02442607,62.38564552,3.726782077,13.26469588,0.922085224
8.16227766,31.03470842,4.922970513,10.24672142,0.887162028
15.86253529,1915.486452,8.376814571,37.67731872,0.865127369
8.312294827,45.910245,2.794988391,11.53504066,0.961253388
10.91616518,142.8455479,5.258745615,14.95438499,0.855501136
7.413479398,39.7489814,3.715993225,10.17642088,0.91008642
10,30.60496768,4.893559917,12.97456793,0.838660284
