-0.56893639
-0.24863844
-0.49398869
-0.76649151
-0.71590506
-0.71502509
-0.32761131
-0.7480283
-0.21551419
-0.56093865
-0.57224156
-0.01708939
-0.32812938
-0.95490198
-0.86837689
-0.79884152
-0.91352491
-0.19874463
-0.65238847
-0.32801287
-0.34966846
-0.84187735
-0.3468414
-0.90851815
-0.88883063
-0.81317383
-0.60319467
-0.17799718
-0.45367683
-0.4477602
-1.04374326
-0.29841038
-0.42681895
-0.22896041
-0.68597477
-1.04233225
-0.54011643
-0.57187245
-1.18799432
-0.50981059
-0.80850123
-0.38423315
-0.42880838
-0.76770401
-0.18184672
-0.51553994
-0.64784056
-0.47125406
-0.3367047
-1.12918717
-0.69982783
-0.45607518
-0.32829138
-0.31344036
-0.44735996
-0.51631501
-0.38541931
-0.69325402
-0.63140438
-1.02280092
-0.10623269
-0.34800912
-0.37589654
-0.59677063
-0.21920957
-0.75687412
-1.38709537
-0.2085842
-1.27907554
-1.0174148
-0.86598316
-0.47868138
-0.54382494
-0.28460684
-1.00875789
-0.50095579
-0.38605726
-1.02031176
-0.61714654
-0.28552789
-0.53014596
-0.58735776
-1.02296109
-1.15360621
-0.62696361
-0.68143409
-0.37005308
-0.00347015
-0.13981137
-0.73570129
-0.75199319
-0.04660167
-0.97925924
-0.02390521
-0.88622913
-0.25192875
-0.27171649
-0.22267136
-0.29931167
-0.29851755
-0.86934048
-0.51302781
 0.05167362
-0.77289676
-0.42807074
-0.45168165
-1.12093523
-0.30152584
-0.44091196
-1.09781674
-0.23013063
-0.55151574
-0.73830515
-0.73545701
-1.01305225
-0.57884379
-0.54987043
-0.47515768
-0.47974571
-0.25918446
-1.04658513
-0.52748379
-0.52883654
-1.17253468
-0.345343
 0.04624533
-0.2417709
-1.03092151
-0.76691366
-0.69081022
-0.54510504
-0.41244269
-0.59687963
-0.63566933
-0.50939562
-0.28351
-1.21310348
-0.73501601
-0.49377985
-0.16084513
-0.5449252
-0.48852027
-0.34655155
-0.46977723
-0.60152113
-0.63313857
-0.27879171
-0.63253296
 0.0100702
-0.4327471
-0.26457675
-0.74625033
-0.57301321
-1.04608215
-1.03144617
-0.26095585
-0.6113105
-0.78082583
-0.7371325
-0.77190043
-0.61948596
-0.85126435
-0.69616527
-0.82151563
-0.5829684
-0.82943687
-0.20783073
-0.08497675
-0.47815209
-0.76782695
-0.75425513
-0.39189255
-0.63430924
 0.0542643
-0.32514351
-0.47595106
-1.13630893
-1.03734565
-0.64246929
-0.38358885
-0.76551421
-0.57507722
-0.65671345
-0.4249201
-0.48625085
-0.48332488
-0.26375958
-0.18439168
-0.61373688
-0.53459065
-0.24570823
-0.40949612
-0.69679484
-1.07375141
-0.33243396
-0.2432223
-0.17498987
-0.94754461
-0.73506647
-0.23378695
-0.44920854
 0.07229997
-0.2215382
-0.09491304
-0.42843421
 0.05819921
-0.21859644
-0.02777482
-0.6616604
-0.70849708
-0.46411545
-0.14162617
-0.37728503
-0.46566279
-0.4823708
-0.21363753
-0.38345169
-0.97073115
-0.20202595
-0.42886166
-0.87856409
-0.55910625
-0.74970355
-0.63803355
-0.70670375
-0.13313603
-0.76870984
-0.86237575
-0.01142964
-0.4080708
-0.53210165
-0.41398087
-0.42532485
-0.27529286
-0.89637795
-0.12956567
-0.56677264
-0.46887983
-0.47145147
-0.93334035
 0.18437641
-0.93727158
-0.31285533
-0.23656259
-0.43193552
-0.68335815
-0.57964011
-0.18515521
-0.4618259
-0.33923248
-0.07825599
-0.55687685
-0.37519102
-0.87635599
-0.83620632
-0.92913707
-0.99140999
-0.9189332
-0.31875988
-0.367124
-0.67975871
-0.54806599
-0.60593519
-0.20294219
-0.49511478
-0.27393176
-0.69324568
-0.66404162
-0.87140105
-0.63538504
-0.53861433
-0.74010035
-0.4864572
-0.16177494
-0.3378578
-0.60678414
-0.3859047
-0.82804111
-0.73377424
-0.22722928
-0.8034566
-0.40591372
-0.49372642
-0.62146964
-0.88097946
-0.40091564
-0.34687246
-0.7367927
-1.30952378
-0.75110742
-0.09349085
-0.32655113
-0.70035012
-0.46415469
-0.72126986
-0.33462351
-0.16832371
-0.04255037
-0.47930762
-1.03057301
-0.64945617
-0.13814506
-0.36297045
-0.58671679
-0.58882691
-0.82535575
-0.22464796
-0.50581753
-0.34190672
-0.82378009
-0.46017436
 0.16602882
-0.14418494
 0.13453593
-1.27461572
-1.07418871
-0.35337152
-0.76221541
-0.50072142
 0.10100317
-0.48602728
-0.68200171
-0.28647387
-0.94321551
-0.64833509
-0.74605025
-0.16825029
-0.35100145
 0.06855441
-0.59485409
 0.13331913
-0.89401706
-1.29502567
-0.63934929
-1.1526691
-0.24289144
-0.04713524
-0.68467951
 0.00198952
-0.62145277
-0.76052206
-0.66966427
-0.76676702
 0.16419875
-0.07312843
-0.47938128
-0.66368913
-0.76373141
-0.79467949
-0.53165566
-0.01752133
-0.35261441
-0.52052177
-0.33097439
-0.2698707
-0.17310328
-1.13350276
-0.59871951
-0.89408595
-0.46308522
-0.28726818
-0.56502778
-0.44773415
-0.84490283
-0.00454811
-0.42969506
-0.09575458
-0.78193272
-0.40435733
-0.20896209
-0.73449298
-0.19043213
-0.81030846
-0.4029631
-0.91863727
-0.17110115
-0.66408988
-0.47456198
-0.57930028
-0.52234886
-0.65201847
-0.22848876
-0.28527524
-0.54877831
-0.96825757
-0.48826846
-0.11544183
-0.46203347
-0.16119458
-0.68501205
-0.44490703
-0.47187381
-0.39102447
-0.57300337
-0.48764981
-0.49445471
-0.36899658
-0.12857342
-1.161481
-0.52446868
-0.95346193
-0.36671467
-0.77363237
-0.28664648
-0.7958226
 0.01323505
-0.3234146
-0.46033896
-0.20919326
-0.42494896
-0.43431933
-0.43418688
-0.75872668
-0.12202216
-1.06355678
-0.66177857
-0.42999051
-0.53498153
-0.89227062
-0.59703386
 0.02809665
-0.3957429
-0.78244737
-0.31109065
-0.81054455
-0.37483944
-0.46855391
-0.6187257
-0.75557558
-0.34907314
-0.72764606
-0.63299757
-0.52657037
-0.88706842
-0.31181839
-0.59679778
-0.28386641
-0.25199291
 0.01349903
-0.17977007
-0.44042009
-0.45587584
-0.1136566
 0.07626136
-0.50890101
-0.18359661
-0.20284956
-0.59957819
-0.87442895
-0.90668105
-0.11849083
-0.52204487
-0.24047025
-1.08223898
-0.1864242
-0.47101396
 0.1782732
 0.03035477
-0.20077602
-0.49307058
-0.29963206
-0.41336434
-0.94223154
-0.52588536
-0.14234381
-0.51963193
-0.50691563
-1.45996059
-0.71172709
-0.03639514
-0.81982056
-0.23907875
-0.88421251
-0.34848474
-0.91856031
-0.58423611
-0.50378558
-0.28919629
-1.07798862
-1.07263353
-0.33645054
-0.21722364
-0.09385693
-0.51280582
-0.01923601
-0.64751927
-0.19043993
-0.58348685
-0.28318811
-0.44671867
-0.64704189
-0.52319238
-0.2127443
-0.57906715
-0.27831013
-0.22616448
 0.09326664
-0.24795425
-0.54536113
-0.46789748
-0.42498717
-0.38942965
-0.56756968
-0.45631126
-0.41540744
-0.2109555
-0.58953049
-0.57892519
-0.66751125
-0.60985431
-0.47212044
-0.19768663
-0.4592124
-0.49443659
-0.60449694
-0.50017418
-0.46939168
-0.50903635
-0.30212129
-0.65062602
-0.47098935
-0.46254946
-0.73213997
-0.5874209
-0.37781007
-0.12054152
-0.55783944
-0.55255722
-0.43744104
-0.41213588
-0.474752
-0.61242233
-0.39775314
-0.41369491
-0.48444635
-0.46939666
-0.46913126
-0.46396246
-0.53675929
-0.45885312
-0.43076376
-0.48991707
-0.38311825
-0.59225446
-0.53780388
-0.43436852
-0.61346633
-0.16288523
-0.54964767
-0.47654676
-0.73150529
-0.5361342
-0.38721681
-0.6301563
-0.55454009
-0.53761842
-0.52390816
-0.50806744
-0.56003151
-0.18200646
-0.46410628
-0.5127784
-0.42905744
-0.46951154
-0.37536316
-0.48210923
-0.46989562
-0.40325721
-0.68307998
-0.68422052
-0.47794857
-0.66564998
-0.43236439
-0.62609771
-0.4047383
-0.68445379
-0.51254881
-0.51829882
-0.05029357
-0.5504557
-0.44876668
-0.40969891
-0.66716559
-0.57231972
-0.52675269
-0.5749545
-0.35521506
-0.39393985
-0.50825705
-0.28847016
-0.49264954
-0.74926824
-0.63883043
-0.494259
-0.57764681
-0.69333888
-0.57754726
-0.47310562
-0.49108074
-0.45523429
-0.50101435
-0.44946494
-0.28362588
-0.44262833
-0.478535
-0.47373468
-0.64889814
-0.52426193
-0.62410109
-0.43409867
-0.49325955
-0.43624056
-0.4618
-0.44995786
-0.49648558
-0.36236095
-0.53416343
-0.39376322
-0.44549412
-0.4971793
-0.41151293
-0.39821756
-0.49203389
-0.74596405
-0.49449515
-0.47634255
-0.49856122
-0.56391256
-0.56840234
-0.477292
-0.38714655
-0.49530064
-0.54937643
-0.5649866
-0.47949201
-0.4969693
-0.3882716
-0.2939324
-0.41202892
-0.57339632
-0.4751732
-0.5305073
-0.53447854
-0.38772589
-0.5202228
-0.48867158
-0.20368778
-0.64026107
-0.55075608
-0.54288785
-0.54453217
-0.41963301
-0.32567574
-0.39933724
-0.40189532
-0.55829415
-0.46094903
-0.5296182
-0.42300248
-0.43944472
-0.42489997
-0.20671993
-0.5213583
-0.58797896
-0.47568171
-0.39434337
-0.50518676
-0.33035385
-0.40454911
-0.46861614
-0.45588751
-0.48017181
-0.42559042
-0.69080012
-0.54732577
-0.59697775
-0.32477729
-0.43535486
-0.31555135
-0.39784332
-0.53200195
-0.54485387
-0.26468109
-0.3945545
-0.50194888
-0.51983811
-0.56423301
-0.52198279
-0.67840654
-0.53054023
-0.40789791
-0.30049318
-0.38763095
-0.48468703
-0.22067184
-0.54224448
-0.39037984
-0.58530815
-0.48173515
-0.42635102
-0.49423042
-0.31784876
-0.29950842
-0.3821375
-0.36827825
-0.11428853
-0.54048999
-0.47276516
-0.51100438
-0.37833824
-0.44770221
-0.57492275
-0.45872533
-0.62945886
-0.403642
-0.51788858
-0.52882537
-0.28911909
-0.27714056
-0.35590632
-0.50522663
-0.50949613
-0.4264006
-0.36780342
-0.32484154
-0.53000756
-0.39769881
-0.50419869
-0.40085712
-0.74701777
-0.48880049
-0.40277521
-0.44286426
-0.36930014
-0.43199542
-0.51968821
-0.7244167
-0.56538803
-0.31109556
-0.52587592
-0.47818367
-0.62225957
-0.26684667
-0.37298548
-0.43561399
-0.55773251
-0.55575701
-0.60086215
-0.46627487
-0.44050982
-0.65082569
-0.44642553
-0.5591127
-0.6671865
-0.45291564
-0.35409703
-0.43710409
-0.28692548
-0.69800178
-0.42768393
-0.69391099
-0.52464771
-0.60394728
-0.53344249
-0.49309546
-0.50706161
-0.54670239
-0.571149
-0.51240859
-0.49260721
-0.60747169
-0.3854741
-0.45981515
-0.48104948
-0.46529602
-0.4084682
-0.53950425
-0.36262401
-0.4402884
-0.69759017
-0.83624451
-0.546025
-0.56130948
-0.52890358
-0.40224747
-0.74066491
-0.46301677
-0.44906347
-0.52655079
-0.46330995
-0.43602772
-0.37949034
-0.53512473
-0.43086509
-0.37012039
-0.45472091
-0.40496326
-0.34358248
-0.44526118
-0.4728978
-0.61109668
-0.55129131
-0.50094637
-0.58822987
-0.34912362
-0.53203663
-0.40593865
-0.47358292
-0.35609472
-0.43701886
-0.40997672
-0.37836365
-0.63641893
-0.40156551
-0.40093572
-0.54510217
-0.6285307
-0.40826506
-0.39336513
-0.57666349
-0.46833322
-0.58171793
-0.45852742
-0.42780007
-0.64035596
-0.46872077
-0.80744111
-0.52260888
-0.453088
-0.51193137
-0.37317211
-0.48561266
-0.52099263
-0.48115568
-0.52152434
-0.64633035
-0.27215167
-0.72579964
-0.54313221
-0.57582096
-0.67815748
-0.20221359
-0.26346616
-0.6879687
-0.56130728
-0.50863506
-0.51655912
-0.65301602
-0.4230804
-0.4078829
-0.33710139
-0.5642135
-0.54203432
-0.28800683
-0.4857716
-0.33994554
-0.46309412
-0.45330999
-0.51558714
-0.41277304
-0.44666062
-0.52553514
-0.59178848
-0.48223434
-0.42649008
-0.58710156
-0.62941446
-0.4876345
-0.44813491
-0.35090607
-0.39072429
-0.64434238
-0.52352226
-0.565327
-0.47875905
-0.41494793
-0.5801815
-0.66043725
-0.44350871
-0.43840878
-0.62656113
-0.66538357
-0.43103548
-0.3918576
-0.51375237
-0.39511502
-0.33206088
-0.51714795
-0.4627916
-0.33511923
-0.48268136
-0.50991711
-0.41413305
-0.58940104
-0.52996712
-0.74556247
-0.33585409
-0.35582971
-0.62717409
-0.6542613
-0.49862309
-0.43233818
-0.56186269
-0.45283131
-0.44507094
-0.54883442
-0.41714594
-0.37302003
-0.57419051
-0.42287172
-0.48671644
-0.50187597
-0.50817937
-0.36782588
-0.52376308
-0.48222841
-0.48599721
-0.47511969
-0.54974469
-0.4340062
-0.34421484
-0.62701431
-0.66295833
-0.5557363
-0.28889759
-0.43264835
-0.36276245
-0.46222685
-0.5694785
-0.53369573
-0.44601645
-0.42408184
-0.41534406
-0.07648046
-0.48326583
-0.37323589
-0.44970956
-0.4962283
-0.57923114
-0.68245243
-0.53219064
-0.47139299
-0.35069788
-0.36383912
-0.50932043
-0.55680626
-0.56268468
-0.59065765
-0.66392098
-0.5263718
-0.44934131
-0.43611354
-0.34033443
-0.35261087
-0.4995225
-0.56706615
-0.45376602
-0.36246678
-0.33606662
-0.39762185
-0.49619426
-0.60995286
-0.53140598
-0.53894726
-0.36220191
-0.42512554
-0.40950191
-0.81104009
-0.59877978
-0.43470267
-0.47620029
-0.52435151
-0.52269159
-0.37578788
-0.41742089
-0.55112958
-0.60637584
-0.52237232
-0.42561439
-0.6553363
-0.47117921
-0.46735614
-0.55820725
-0.300163
-0.45941285
-0.48797607
-0.61391401
-0.48333027
-0.57671953
-0.53033993
-0.47166723
-0.84773631
-0.37486425
-0.45177856
-0.48948368
-0.57415481
-0.36365795
-0.45115464
-0.49416081
-0.5825235
